1,223.526884007,1.9790476714,0.701,0.602,0
2,40.2699946857,-31.6616892571,0.617,0.955,0
3,217.576879105,-2.58903765216,0.632,0.164,0
4,186.894785531,0.0633745310136,0.351,0.587,0
5,11.8748206181,-32.7175567354,0.611,0.831,0
6,221.314783525,0.692609040529,0.689,0.742,0
7,51.521966866,-29.7029488859,0.455,0.382,0
8,336.489403247,-32.5084789457,0.865,0.393,0
9,3.3697614025,-30.2243834607,0.96,0.994,0
10,177.565176143,-1.96452309984,0.892,0.988,0
11,138.754767897,-0.847950675806,0.513,0.067,0
12,218.837617414,-2.68236879321,0.397,0.835,0
13,354.025206542,-32.3525588265,0.46,0.764,0
14,237.083548816,0.860403989,0.405,0.659,0
15,187.453261585,1.61465935825,0.685,0.782,0
16,180.548258273,0.302663625762,0.001,0.0,0
17,12.1731650771,-32.9865012898,0.273,0.28,0
18,354.621887921,-33.0998701778,0.951,0.888,0
19,214.565553485,1.97562777519,0.776,0.996,2
20,351.781836758,-30.3070323684,0.957,1.0,0
21,175.772501306,-1.38773513863,0.957,0.667,0
22,178.567707859,-0.264440982301,0.939,0.827,0
23,193.227534122,0.732351248101,1.0,0.915,0
24,197.796080963,2.31098617228,0.998,0.999,0
25,51.7972923019,-32.7761342507,0.999,1.0,0
26,140.221902726,0.838259778369,0.84,0.017,0
27,180.29733828,1.44352545392,0.899,0.77,0
28,332.422959695,-27.6941879964,0.98,0.996,0
29,168.053998667,2.45089259202,0.993,0.997,0
30,337.25565329,-31.7583570231,0.751,1.0,0
31,46.6784971807,-28.5383118802,0.997,1.0,0
32,351.07064368,-32.022404767,0.582,0.842,0
33,19.0862302618,-33.9635500786,0.53,0.87,0
34,179.582768404,-0.677908735514,0.956,0.825,0
35,354.080294295,-32.1043739697,0.975,0.942,0
36,357.020732757,-30.4820455176,0.995,1.0,0
37,344.36143576,-30.6450628804,0.874,0.969,0
38,179.6842141,0.821334504029,0.993,0.952,0
39,211.501713054,2.65353002643,0.918,0.201,0
40,129.800322988,2.4802224246,0.971,0.996,0
41,225.357955876,-1.49117142039,0.989,0.568,0
42,172.261423145,-1.30907511314,0.83,0.493,0
43,174.950566256,-2.1602446334,0.902,0.172,0
44,216.951492944,0.166305295185,0.323,0.342,2
45,190.836567788,-0.754921569227,0.887,0.234,0
46,214.207578815,1.63950769351,0.991,1.0,0
47,196.877744972,-0.11612391623,0.283,0.357,0
48,216.242828543,2.33640183563,0.322,0.987,0
49,356.056011437,-32.0160300217,0.998,0.998,0
50,170.466948658,2.61972315974,0.999,1.0,0
51,355.591644553,-31.9867787877,1.0,0.999,0
52,159.995687375,0.30883575771,0.577,0.041,0
53,358.39051168,-32.616533203,0.948,1.0,0
54,223.950466096,0.00730410426049,0.591,0.841,0
55,179.862623559,-0.893007148255,0.983,0.0,0
56,49.3326442165,-30.1659850706,0.554,0.852,0
57,181.653530126,-2.1405192642,0.968,0.976,0
58,183.295089414,-2.80064994015,0.734,0.997,0
59,218.310355558,-1.95104526336,0.999,1.0,0
60,347.149703412,-34.3746492295,0.08,0.676,0
61,136.280610189,-0.174934347103,1.0,1.0,2
62,165.511569204,0.909804955053,0.292,0.916,0
63,350.782239986,-30.9024558545,0.683,0.727,0
64,358.531629456,-32.1498909167,0.683,0.972,0
65,344.083292282,-35.4691857789,0.99,0.999,0
66,216.204235198,-0.889314521371,0.967,0.635,1
67,164.72190003,0.0710340455851,0.583,0.149,0
68,172.179111062,0.830013016542,0.579,0.537,0
69,236.391167796,2.3912166851,0.949,0.176,0
70,188.99902729,0.451403213301,0.883,0.993,0
71,348.529821043,-33.3850119761,0.392,0.009,0
72,183.331534339,1.79335727642,0.919,0.533,0
73,173.540526155,-2.98094806441,0.744,0.221,0
74,194.531546401,0.502191299003,0.038,0.243,0
75,350.171567636,-30.2314140756,0.98,0.968,0
76,215.074192584,0.975558765741,0.911,0.922,0
77,336.725218337,-31.4899015296,0.002,0.001,0
78,180.799905269,1.29975434454,0.243,0.09,0
79,215.006023767,-2.33850561537,0.706,0.916,0
80,44.9495821278,-30.0948015245,0.979,0.005,0
81,222.776618743,1.19268489347,0.991,0.947,0
82,179.220969181,-0.66347570758,0.915,0.526,2
83,150.085629175,2.36413948797,0.891,0.991,0
84,132.565527208,1.63344466304,0.822,0.809,0
85,39.7647482119,-30.8467177763,0.988,1.0,0
86,2.3010409782,-29.2679945566,0.991,0.769,0
87,187.236923191,2.57721524204,1.0,0.999,0
88,128.54040715,-0.281622726468,0.997,0.988,0
89,220.256220213,1.56240535561,0.877,0.99,0
90,172.250138658,-1.70389530134,1.0,1.0,0
91,164.443533156,1.15654485193,0.944,1.0,0
92,354.889557972,-32.2554512719,0.893,0.473,0
93,170.857076456,-2.84805500242,0.994,0.0,0
94,9.96144066801,-30.6637338766,0.631,0.803,0
95,177.930099637,2.75769444386,0.442,0.0,0
96,221.119703065,-0.861724431096,0.898,0.967,2
97,128.538684599,-0.273686171652,0.923,0.52,0
98,220.165414786,-1.18474551518,0.838,0.541,0
99,222.460686078,0.926139584067,0.864,0.512,0
100,140.40216234,2.23614771836,0.92,0.999,0
101,359.02212584,-32.2846498733,0.704,1.0,0
102,172.463794884,2.65994346271,0.993,0.0,0
103,349.231537798,-32.9868816313,0.933,1.0,0
104,349.397471765,-33.2142500697,0.98,0.998,0
105,134.280327307,0.67449289056,0.835,0.003,0
106,179.37328826,1.47887146733,0.961,0.999,0
107,223.669361141,-2.37133346381,0.178,0.0,0
108,23.5655117781,-29.177715334,0.956,0.995,0
109,223.07898644,-0.972236816522,0.998,0.999,1
110,345.395643127,-31.5432089971,1.0,1.0,0
111,188.590878329,-0.157200256044,0.992,0.999,0
112,351.300334585,-32.6755216528,0.347,0.527,0
113,350.470169975,-27.9104689032,0.985,1.0,0
114,339.870423071,-31.0339984455,0.013,0.0,0
115,136.001870656,0.122734920403,0.265,0.896,0
116,357.228744592,-30.4896029138,0.995,0.041,0
117,181.3144283,2.92616141619,0.999,0.883,0
118,236.802151803,0.469309806341,0.959,0.994,0
119,183.099004986,-1.55097767769,0.796,0.946,0
120,332.15585682,-28.1343263201,0.686,1.0,0
121,39.873726801,-32.1915477827,1.0,1.0,0
122,218.284596851,0.415279934797,0.879,0.829,0
123,39.821382906,-33.7486262179,0.872,0.996,0
124,352.417737367,-34.1564110683,0.951,0.994,0
125,132.607532048,-1.25130793936,0.198,0.586,0
126,339.549719398,-30.2120781062,0.947,0.158,0
127,348.176267541,-33.3884412703,0.999,1.0,0
128,160.745920255,2.98305229982,0.973,0.998,0
129,161.614352907,0.743532245276,0.35,0.958,0
130,345.609611088,-33.9438123241,1.0,1.0,0
131,171.498290735,-0.520876952533,0.854,1.0,0
132,210.511153406,-0.65566904648,0.92,0.983,0
133,358.668976364,-30.5388334381,0.999,0.731,0
134,218.994175904,-2.82182152301,0.116,0.877,0
135,231.116348683,0.561771445504,0.931,0.995,0
136,337.35268462,-31.8760278837,0.981,1.0,0
137,211.66847,-1.13654,0.004,0.0,0
138,190.565046705,2.13366152615,0.998,1.0,0
139,224.632605835,-0.427610999335,0.994,0.987,0
140,340.689501034,-32.7010500774,0.007,0.0,0
141,341.517548173,-30.8771383548,0.995,0.997,0
142,343.080166178,-32.3508476328,0.936,0.981,0
143,164.822300351,0.159501437335,0.991,0.822,0
144,42.1002743817,-34.0803871993,0.965,0.968,0
145,218.310356183,-1.95105107802,0.957,0.998,0
146,133.779038478,-0.610195569519,0.682,0.279,0
147,13.3168021417,-29.1706223892,0.756,0.773,0
148,185.232274355,1.97306918826,0.76,0.998,0
149,220.151863518,0.64253594652,0.948,0.835,0
150,168.11551746,0.840787243497,0.948,0.939,0
151,176.727916025,-2.28543057171,0.891,0.796,0
152,232.495643352,1.58698106634,0.996,0.037,0
153,21.3952789287,-31.5407367806,0.999,0.423,0
154,232.569796713,1.82488299911,1.0,0.941,0
155,175.79700363,-1.6598088681,0.932,1.0,0
156,15.5721371457,-33.6325021893,0.991,0.996,0
157,180.281346243,-2.77953253312,0.756,0.977,0
158,10.4145638595,-32.8513941677,0.78,0.209,0
159,203.460027526,2.36255635259,0.967,1.0,0
160,345.581366417,-30.8837940214,0.952,0.706,0
161,182.322371812,-0.571060517878,0.998,0.59,0
162,214.422808141,2.28482114724,0.96,0.987,0
163,37.1652901586,-33.8319329815,0.289,0.56,0
164,223.234423812,2.66044603977,0.156,0.83,0
165,136.62110984,2.60511823376,0.941,0.001,0
166,347.572051994,-29.9402032977,0.909,0.534,0
167,223.467094645,0.100708868758,0.999,0.825,0
168,181.930271141,-1.06538830241,1.0,0.966,0
169,220.903208424,3.01406739604,0.599,0.944,0
170,348.078533523,-30.1487531142,0.002,1.0,0
171,337.35268458,-31.8760280094,0.977,1.0,0
172,178.059161824,0.52408300879,0.992,0.888,2
173,341.441816074,-29.9330836636,1.0,1.0,0
174,351.314815667,-29.8185272725,0.006,0.0,0
175,338.161880267,-33.7882778374,0.987,0.429,0
176,337.555616036,-32.9256560123,0.948,0.836,0
177,340.296393917,-30.3620084077,0.794,0.951,0
178,211.850116645,2.65267554026,0.992,0.069,0
179,349.190323364,-29.3953700896,0.998,0.999,0
180,354.850862182,-32.8962036471,0.468,1.0,0
181,24.2660484857,-30.2803881686,0.008,0.0,0
182,184.924992317,0.840777408125,0.992,0.605,0
183,224.385777188,-1.98812911878,0.069,0.974,2
184,359.121946327,-31.7544004828,1.0,1.0,0
185,198.807216046,0.579451260817,0.917,0.233,0
186,14.9063088796,-33.9110019254,0.0,0.0,0
187,52.2259358161,-33.8096051069,0.324,0.924,0
188,341.69329514,-29.4251755358,0.984,1.0,0
189,40.1082103295,-34.5575238787,0.739,0.083,0
190,15.3660067427,-33.7220633801,1.0,1.0,1
191,39.8713539163,-34.453893616,0.026,0.314,0
192,34.7866085896,-33.5222028106,0.991,0.998,0
193,137.406944249,0.460027207655,0.977,0.631,0
194,47.7267872017,-34.4849779864,0.959,0.641,0
195,182.594511966,-1.19970528591,0.741,0.676,0
196,218.478033263,3.00386795246,0.018,0.999,0
197,352.297653272,-32.7156328096,0.989,0.891,0
198,186.442866379,0.617734354822,0.993,0.031,0
199,47.6440905105,-33.902721382,0.999,0.0,0
200,224.651257283,-0.40028654665,0.988,0.086,2
