805,70,1.0,0.999,159.78072,-2.27497,0
1588,70,0.999,0.999,333.41257,-33.19898,0
2854,70,1.0,1.0,46.66543,-27.60745,0
2075,70,0.957,,338.65674,-32.36358,0
2251,64,0.887,0.901,131.33397,-0.91563,0
3096,64,,0.937,357.76907,-32.88947,0
2729,64,1.0,1.0,203.7478,0.27151,0
329,58,,0.929,200.23593,1.66408,0
738,58,,0.948,23.51542,-30.54075,0
1078,58,0.987,0.953,356.83185,-33.50623,0
704,58,0.937,0.959,221.51454,-0.67129,0
248,58,0.95,0.96,176.18675,0.22968,0
3157,58,0.992,0.999,349.1903,-29.3954,0
1038,58,0.999,1.0,215.64755,-2.64925,0
2058,58,0.907,,183.07338,1.88558,0
3261,52,0.911,0.908,230.63187,-0.75082,0
3154,52,1.0,1.0,204.68665,-1.15136,0
1282,48,0.918,0.931,335.37155,-34.94455,0
726,48,0.989,0.976,31.61951,-33.79683,0
2318,48,0.998,,21.81908,-33.36483,0
1351,46,0.995,0.987,352.77313,-33.97491,0
352,46,0.99,,34.46518,-31.0478,0
1276,44,0.991,,238.00044,-1.78534,0
3302,42,,0.814,20.44706,-28.75272,0
1258,42,,0.94,216.7776,0.7208,0
2277,42,,0.962,198.8718,1.53991,0
2187,42,0.968,0.997,183.60019,-0.53509,0
1231,42,0.994,1.0,188.59088,-0.1572,0
1012,40,0.908,0.971,46.41708,-29.5711,0
231,40,0.997,0.999,37.77798,-32.97901,0
1849,38,,0.953,204.2834,1.2177,0
3098,38,0.962,,181.19672,-2.72009,0
2313,36,0.954,0.891,221.67886,-3.85043,0
2199,36,0.983,0.905,350.62283,-30.6434,0
105,36,,0.975,215.70692,-0.55323,0
326,36,0.998,0.989,186.20958,-0.70414,0
3351,36,0.93,0.999,37.39024,-30.83811,0
2769,36,0.997,1.0,186.161,-0.69799,0
1093,36,0.851,,199.99738,2.11804,0
534,36,0.99,,185.64714,-2.42117,0
365,36,0.849,,141.1433,-1.90478,0
1364,34,,0.908,31.27489,-33.29631,0
2602,34,0.819,0.967,10.94209,-30.82482,0
2632,34,0.94,0.98,10.5192,-32.53961,0
2161,34,,0.998,345.1022,-35.209,0
315,32,,0.8,220.63545,0.29188,0
430,32,0.984,0.835,35.6577,-32.15816,0
891,32,0.891,0.883,331.5931,-33.04589,0
817,32,0.988,0.929,180.41615,-0.20731,0
1125,32,0.968,0.983,22.6289,-30.45799,0
3142,32,0.889,0.983,232.0035,0.67562,0
844,32,0.983,0.993,16.67529,-34.40028,0
909,32,1.0,,185.67223,2.09977,0
496,30,0.844,0.882,50.58249,-34.41571,0
1426,30,0.923,0.908,176.58809,-1.68118,0
508,30,0.995,0.91,155.5362,-0.4215,0
1592,30,,0.915,226.11102,-1.70997,0
2280,30,,0.949,334.00406,-27.76236,0
2367,30,,0.957,48.84465,-32.04128,0
1148,30,0.998,0.958,357.74005,-34.41555,0
2754,30,0.981,0.958,21.69769,-28.80421,0
2369,30,,0.966,178.83655,0.88457,0
259,30,0.812,0.975,331.6506,-32.71608,0
2660,30,0.99,0.989,132.98734,1.50468,0
1349,30,0.996,1.0,345.10303,-35.20935,0
2967,30,1.0,1.0,130.54643,1.64325,0
1242,30,0.918,,47.19172,-29.05714,0
3399,30,0.842,,205.44713,-1.94214,0
897,30,0.974,,40.00337,-34.30345,0
3357,28,0.979,0.822,174.8049,-0.00257,0
2322,28,,0.833,172.90053,-1.81063,0
2669,28,,0.858,140.35284,-0.97414,0
2423,28,,0.865,207.17921,-1.94567,0
3222,28,0.905,0.878,34.10406,-33.40128,0
1577,28,,0.883,332.119,-28.6189,0
1787,28,0.819,0.894,343.50052,-34.78101,0
2664,28,1.0,0.918,214.82709,-0.42031,0
52,28,,0.944,205.24345,-1.85431,0
1822,28,0.892,0.99,183.06471,1.91352,0
562,28,1.0,,168.98329,-2.86798,0
2379,28,0.94,,234.30153,1.47136,0
2463,28,0.935,,348.3276,-29.05727,0
3362,28,0.816,,170.72163,-0.03635,0
2553,28,0.909,,179.73003,-2.51895,0
3347,26,0.95,0.83,227.01643,-0.89479,0
492,26,0.856,0.836,0.79235,-31.87919,0
1239,26,,0.837,13.91815,-30.48673,0
1064,26,,0.862,220.38748,-3.83125,0
1933,26,,0.883,135.88864,-0.97487,0
1690,26,,0.888,218.5273,-0.4848,0
81,26,,0.907,231.60757,1.95895,0
1180,26,0.901,0.911,185.1191,-1.5125,0
2447,26,0.878,0.96,186.07858,-1.83749,0
1741,26,0.993,0.966,220.62912,-0.39809,0
2922,26,0.943,0.968,182.40587,-2.63013,0
2264,26,0.965,0.976,164.30399,-1.9052,0
741,26,0.988,0.979,0.30467,-33.36632,0
1851,26,0.993,0.999,226.08905,-0.06611,0
2398,26,0.894,,54.02407,-33.2057,0
2902,26,0.948,,13.5148,-28.40404,0
2382,26,0.809,,3.8494,-33.82425,0
2214,26,0.997,,43.71149,-31.02942,0
863,26,0.911,,40.87669,-33.67311,0
3102,26,0.803,,213.5874,-1.61279,0
1906,26,0.929,,129.23265,-1.57512,0
1319,24,0.951,0.872,30.81261,-33.58164,0
2527,24,,0.899,338.79297,-28.39357,0
2625,24,0.896,0.934,227.36876,-1.78306,0
792,24,0.877,0.959,349.5942,-32.57127,0
1903,24,0.888,0.973,230.31644,2.45635,0
1865,24,0.978,0.986,335.3694,-28.68154,0
793,24,0.938,0.991,354.9946,-32.49037,0
1718,24,0.989,0.995,44.54868,-26.85277,0
860,24,0.903,,45.35486,-25.97326,0
3195,24,0.997,,169.45084,-2.83709,0
2323,24,0.907,,22.14375,-29.09199,0
2007,24,0.936,,137.85838,-0.7528,0
1551,24,0.833,,183.83234,-1.41031,0
886,22,0.935,0.815,179.80496,2.96788,0
328,22,0.989,0.82,53.9674,-32.72602,0
558,22,0.884,0.842,49.13608,-34.28122,0
2996,22,0.911,0.865,342.95,-31.6882,0
2756,22,,0.924,134.57492,-1.55142,0
1630,22,0.982,0.934,212.6116,2.14905,0
2465,22,0.991,0.938,222.77661,1.19268,0
2407,22,0.905,0.944,225.44612,-0.83293,0
2689,22,,0.961,6.32039,-29.50476,0
146,22,0.9,0.964,35.14968,-32.61854,0
2164,22,0.977,0.967,48.58781,-33.20937,0
153,22,0.991,0.972,352.00665,-32.02666,0
1753,22,0.953,0.98,338.14047,-28.14637,0
597,22,0.912,0.987,339.7554,-31.71756,0
1252,22,0.985,0.988,185.57948,-0.56586,0
3171,22,0.977,0.999,160.02321,1.98387,0
1348,22,0.948,,359.91086,-31.99981,0
368,22,0.93,,20.61802,-27.8613,0
2376,22,0.859,,189.64258,-0.72402,0
2142,22,0.943,,231.38339,2.80972,0
757,22,0.991,,204.64236,-2.2653,0
3146,22,0.825,,37.39798,-31.61219,0
3382,22,0.864,,210.4963,1.98278,0
2366,22,0.837,,140.47475,-0.10551,0
2347,22,0.887,,184.11784,-0.80592,0
2888,20,,0.819,51.04575,-29.35093,0
1156,20,,0.828,17.39986,-31.16004,0
3064,20,0.832,0.866,339.69522,-31.4728,0
3427,20,0.983,0.87,213.14319,-2.87817,0
2655,20,,0.875,23.12834,-28.75291,0
2936,20,,0.88,30.00781,-32.36384,0
1916,20,,0.88,339.76944,-28.30594,0
2651,20,,0.884,352.41132,-31.97274,0
5,20,0.93,0.89,15.7134,-31.07755,0
2717,20,0.848,0.89,353.85953,-30.46866,0
2412,20,0.998,0.901,1.26631,-28.99786,0
842,20,0.821,0.929,21.56907,-30.50506,0
2952,20,0.934,0.945,165.21745,-0.68726,0
3009,20,,0.949,335.72388,-29.95567,0
1324,20,0.941,0.96,352.31442,-33.40263,0
2545,20,0.985,0.962,13.78288,-33.59474,0
2315,20,0.997,0.98,42.85307,-31.12317,0
108,20,0.995,0.986,194.13869,-0.634,0
1365,20,0.979,0.987,52.77325,-35.43186,0
2954,20,0.829,0.99,182.56155,-2.60815,0
2820,20,,0.992,179.0928,2.30889,0
2216,20,0.994,0.996,41.53225,-32.04649,0
1224,20,0.996,0.996,342.05453,-30.91587,0
1679,20,0.998,0.998,169.50438,-2.14759,0
1525,20,0.975,0.998,353.09702,-32.73943,0
3231,20,0.989,1.0,21.61307,-34.0445,0
291,20,0.971,,51.46527,-29.18467,0
2743,20,0.846,,166.962,1.01344,0
2513,20,0.829,,167.899,-2.7433,0
2525,20,0.963,,196.5826,0.08447,0
3192,20,0.943,,159.37744,2.44356,0
1859,20,0.973,,172.3053,1.81319,0
3290,20,0.818,,335.44315,-28.93476,0
2438,20,0.863,,14.48981,-30.98366,0
2618,20,0.998,,173.09973,-0.83314,0
34,20,0.889,,50.34232,-32.62721,0
987,20,0.843,,219.88698,0.89939,0
1704,20,0.985,,138.66089,-1.11639,0
2092,18,0.999,0.817,24.5586,-29.43054,0
3148,18,0.807,0.835,336.98132,-32.70183,0
450,18,,0.839,15.04469,-33.68272,0
2098,18,0.936,0.889,217.90807,0.4978,0
1092,18,0.905,0.898,15.04537,-33.94637,0
633,18,,0.901,233.55026,0.67659,0
2392,18,0.905,0.92,216.39679,-2.94305,0
2129,18,0.815,0.931,231.84404,2.10223,0
239,18,0.98,0.94,356.75333,-30.21719,0
2370,18,0.846,0.942,51.83319,-33.01017,0
2275,18,,0.946,131.20438,1.00064,0
781,18,0.897,0.947,14.64902,-32.96703,0
887,18,,0.952,139.07321,-0.40157,0
654,18,0.989,0.958,137.68558,1.05648,0
1677,18,0.833,0.959,130.0474,2.10251,0
2519,18,,0.962,332.26324,-31.5511,0
485,18,0.856,0.967,34.39814,-30.44995,0
636,18,0.815,0.98,205.24283,-1.85427,0
2288,18,0.848,0.982,49.75506,-29.2084,0
253,18,0.994,0.991,18.17065,-33.13971,0
3375,18,0.873,0.996,355.61362,-32.59078,0
630,18,0.992,0.997,51.56686,-31.13163,0
948,18,0.975,0.999,337.8046,-28.61635,0
1589,18,0.992,0.999,347.27,-33.23171,0
2845,18,0.996,1.0,38.25178,-33.13894,0
1169,18,0.978,1.0,183.32312,1.88643,0
2823,18,0.954,,230.30315,2.19394,0
836,18,0.896,,209.20796,-1.45957,0
115,18,0.985,,6.73527,-34.23747,0
3094,18,0.968,,158.92784,1.56119,0
3386,18,0.979,,346.80374,-33.06333,0
929,18,0.936,,35.44016,-33.0495,0
1383,18,0.866,,0.92331,-33.49311,0
416,18,0.968,,216.96487,0.48495,0
3212,18,0.988,,214.42336,-0.89247,0
2803,18,0.825,,183.70247,-2.78789,0
635,18,0.964,,129.29506,-0.99631,0
3234,18,0.837,,182.36838,-0.00889,0
3056,16,0.906,0.807,139.22725,-1.54519,0
1456,16,,0.807,229.47838,0.53718,0
2594,16,0.936,0.808,46.98706,-29.48145,0
1384,16,0.826,0.825,332.6796,-30.22326,0
238,16,0.928,0.825,353.16602,-33.39138,0
2009,16,0.881,0.84,166.91489,-0.71195,0
2914,16,0.829,0.845,131.13,2.0881,0
1784,16,0.912,0.846,206.3974,-0.8646,0
1271,16,0.945,0.858,215.63469,0.02633,0
2389,16,0.956,0.865,330.86447,-29.65623,0
2665,16,,0.873,53.35511,-31.81147,0
2930,16,0.925,0.881,1.79626,-31.86778,0
16,16,0.835,0.883,344.8563,-29.62315,0
1674,16,,0.887,21.02064,-30.8456,0
2977,16,,0.896,162.75496,-0.29411,0
1058,16,,0.902,235.22696,-0.95565,0
475,16,0.946,0.911,210.25862,2.87855,0
3104,16,0.905,0.912,44.98565,-26.87257,0
925,16,0.826,0.916,217.98772,2.58088,0
1082,16,,0.919,37.31891,-30.87885,0
3267,16,0.922,0.923,18.62312,-30.77813,0
3271,16,,0.927,19.85811,-33.94951,0
2451,16,0.969,0.929,2.58159,-32.54041,0
499,16,,0.937,42.73452,-31.34913,0
3296,16,,0.937,34.46259,-32.84121,0
1692,16,0.966,0.943,215.53992,2.15265,0
615,16,,0.955,10.44288,-28.82441,0
434,16,0.823,0.957,164.31294,-1.44177,0
983,16,0.993,0.96,139.91696,-1.27522,0
2928,16,0.831,0.961,37.4847,-31.30267,0
3128,16,0.969,0.972,338.2611,-29.63075,0
389,16,0.959,0.972,236.73451,-1.44842,0
2554,16,0.825,0.974,192.7391,2.81953,0
2262,16,0.998,0.976,15.57214,-33.63249,0
313,16,0.965,0.977,3.95071,-31.96064,0
1474,16,0.911,0.977,350.65408,-33.06693,0
1536,16,,0.978,141.28305,-1.52338,0
3012,16,0.822,0.98,220.49692,-0.01709,0
297,16,0.853,0.984,49.95072,-27.44431,0
967,16,0.985,0.988,216.44481,0.33619,0
2018,16,0.99,0.99,178.47289,2.23044,0
978,16,0.994,0.99,223.5792,-0.11187,0
1411,16,0.934,0.99,172.25365,2.53,0
3073,16,0.972,0.994,129.85931,1.3582,0
1543,16,0.977,0.996,199.26793,1.32834,0
160,16,,0.996,129.34523,-1.6112,0
1027,16,0.988,0.997,232.6656,1.89329,0
2855,16,0.982,0.997,171.31154,-2.55137,0
3033,16,0.977,0.999,51.9804,-35.46468,0
2183,16,0.902,,198.03563,2.80611,0
2935,16,0.834,,338.714,-28.55077,0
1813,16,0.824,,10.6304,-31.47315,0
3484,16,0.97,,10.60976,-33.58378,0
1304,16,0.999,,167.39632,-2.86918,0
264,16,0.836,,20.57677,-30.7646,0
2175,16,0.904,,232.19928,-1.0343,0
3072,16,0.895,,190.12682,-0.47679,0
3300,16,0.916,,189.86586,0.1659,0
2045,16,0.855,,49.04722,-28.02004,0
2122,16,0.842,,1.96502,-33.43583,0
2140,16,0.97,,41.75038,-30.15345,0
3029,16,0.939,,37.1402,-30.73887,0
2584,16,0.905,,44.60963,-34.68824,0
2215,16,0.96,,36.73703,-34.16019,0
76,16,0.924,,137.16162,1.57071,0
2424,16,0.913,,235.74144,0.54018,0
3326,16,0.855,,236.77544,0.89042,0
38,16,0.973,,156.60323,-0.01287,0
2805,16,0.834,,176.55307,-2.77556,0
764,16,0.9,,44.43998,-32.86016,0
2668,16,0.942,,216.60178,0.83273,0
1452,16,0.801,,219.6719,-0.4812,0
1389,16,0.95,,187.30334,1.78381,0
1406,16,0.867,,136.72112,-1.95726,0
2490,16,0.957,,174.94516,-1.24299,0
2496,16,0.958,,174.51166,1.35002,0
2024,16,0.803,,173.16513,-1.82942,0
1147,16,0.897,,140.59785,-0.86027,0
2285,16,0.857,,225.04025,-2.05532,0
398,14,,0.823,213.5445,2.0705,0
3230,14,,0.83,183.46658,2.64477,0
2055,14,,0.835,166.95497,2.86201,0
255,14,0.958,0.837,343.8089,-34.93009,0
2193,14,0.962,0.846,186.9432,-0.04012,0
3255,14,0.939,0.878,349.71808,-34.17234,0
295,14,,0.886,1.67002,-33.39761,0
2454,14,,0.888,238.44978,1.00523,0
884,14,0.934,0.961,231.60764,1.95891,0
1016,14,0.927,0.978,30.88857,-34.26522,0
2926,14,0.892,0.978,164.86047,-1.08082,0
2828,14,0.975,0.986,183.14009,-1.827,0
744,14,0.897,0.993,45.50197,-27.19551,0
35,14,,0.995,212.90727,1.12222,0
1978,14,0.996,0.997,184.46341,-2.32577,0
855,14,0.986,0.998,358.39047,-32.61651,0
827,14,0.93,,332.47208,-30.59464,0
237,14,0.872,,29.79425,-30.67752,0
1186,14,0.897,,4.52258,-31.492,0
2670,14,0.976,,14.71546,-33.03577,0
1693,14,0.862,,232.15651,1.49567,0
2346,14,0.817,,329.917,-33.4753,0
412,14,0.862,,39.67227,-34.27586,0
3479,14,0.801,,217.39471,-0.44717,0
2409,14,0.898,,178.51997,0.60517,0
366,14,0.917,,185.69833,0.40128,0
243,14,0.819,,238.22339,0.00434,0
268,12,0.804,0.804,49.61994,-29.25928,0
3005,12,,0.806,157.48663,2.03841,0
2218,12,,0.807,15.37804,-32.59449,0
2898,12,,0.807,352.1885,-30.07513,0
1112,12,,0.807,178.32164,-1.54137,0
15,12,0.885,0.812,341.08078,-28.6853,0
975,12,0.93,0.815,182.73459,-2.22128,0
807,12,0.863,0.817,232.29391,2.586,0
2178,12,0.999,0.817,33.65336,-32.51977,0
1966,12,0.905,0.817,177.61957,1.91027,0
2858,12,0.968,0.819,335.38742,-35.08183,0
1283,12,,0.82,2.63872,-29.18947,0
3250,12,,0.821,226.82982,1.77828,0
143,12,,0.823,38.58992,-34.41037,0
138,12,,0.826,138.70035,-0.95305,0
279,12,0.847,0.832,14.38441,-32.39556,0
1738,12,0.968,0.833,350.29987,-32.25351,0
2567,12,,0.834,331.3954,-29.67698,0
569,12,0.92,0.835,53.02708,-28.62479,0
1106,12,,0.836,50.83623,-35.39699,0
363,12,0.978,0.842,3.70453,-32.94001,0
3126,12,0.994,0.844,220.54369,-0.46504,0
976,12,,0.855,208.56644,-1.29316,0
1874,12,,0.86,348.0669,-32.19305,0
456,12,0.843,0.861,190.57687,0.16286,0
2613,12,,0.867,351.3436,-33.66698,0
2563,12,0.94,0.869,156.60326,-0.0129,0
218,12,0.815,0.869,48.37946,-30.59683,0
557,12,0.941,0.869,49.23243,-33.44165,0
3314,12,0.984,0.87,15.65524,-30.58582,0
2570,12,0.88,0.874,131.52863,-1.54719,0
1774,12,0.869,0.876,133.2893,-0.51191,0
1866,12,0.902,0.878,136.84154,-1.36635,0
2514,12,0.969,0.879,156.99574,-0.78183,0
701,12,,0.88,333.79822,-33.68965,0
812,12,,0.882,1.82463,-30.67448,0
1755,12,0.888,0.887,5.81785,-32.33126,0
1420,12,0.969,0.889,223.82196,-0.39953,0
3205,12,0.849,0.891,208.64726,-0.62212,0
632,12,0.897,0.891,132.27287,-1.55421,0
233,12,0.969,0.893,52.58338,-25.70082,0
509,12,,0.893,167.93965,-0.83339,0
989,12,0.919,0.897,169.91382,-2.37606,0
1997,12,,0.897,169.61073,-2.47588,0
910,12,,0.898,45.41384,-29.64574,0
2598,12,0.886,0.899,336.35434,-28.70381,0
3200,12,0.971,0.899,135.45943,-1.35515,0
1484,12,0.821,0.907,30.0078,-32.3638,0
1328,12,0.959,0.909,0.91917,-31.98373,0
2569,12,0.997,0.929,158.24364,-0.78263,0
1974,12,0.988,0.931,237.49423,2.6374,0
2076,12,,0.933,186.62717,-1.6452,0
1757,12,,0.933,343.23676,-32.5661,0
1073,12,0.929,0.938,169.47664,0.61168,0
3463,12,,0.938,346.08862,-33.87513,0
3466,12,0.85,0.939,214.74448,2.51797,0
2004,12,,0.94,39.82613,-34.28091,0
665,12,0.957,0.941,159.12302,-2.43383,0
3246,12,,0.944,184.84074,-1.3315,0
3028,12,0.979,0.945,170.03691,-0.08715,0
489,12,0.949,0.946,27.32526,-30.30548,0
2722,12,,0.948,189.5677,-0.16972,0
3406,12,0.978,0.95,3.15648,-32.60267,0
2472,12,,0.951,39.99595,-30.47203,0
2017,12,,0.952,185.7556,1.72277,0
3253,12,,0.957,6.52459,-33.14754,0
2255,12,0.965,0.963,236.75029,-0.01859,0
1623,12,0.864,0.964,37.35522,-33.97094,0
2231,12,0.954,0.968,198.59492,0.10849,0
1733,12,,0.969,337.43845,-27.92665,0
3295,12,0.952,0.971,174.91078,0.75636,0
1480,12,0.958,0.972,19.08862,-30.25257,0
1655,12,,0.972,172.24625,2.09951,0
3297,12,0.947,0.973,353.36588,-31.88514,0
2620,12,0.99,0.976,335.85803,-34.43018,0
1783,12,0.958,0.977,175.1279,0.73796,0
3216,12,0.9,0.978,49.07505,-31.90551,0
2869,12,0.957,0.981,175.94742,0.33676,0
2619,12,,0.981,186.99573,-2.67287,0
196,12,0.885,0.982,187.32103,-0.195,0
3353,12,0.991,0.984,160.02322,1.98388,0
26,12,,0.986,221.61067,2.22389,0
3496,12,0.974,0.99,5.46609,-32.85129,0
382,12,0.984,0.99,356.52786,-33.21673,0
2782,12,0.997,0.99,40.06234,-32.90865,0
3291,12,0.948,0.99,206.74544,-1.64321,0
1466,12,,0.991,334.20847,-29.02872,0
1255,12,0.902,0.992,332.5688,-34.66798,0
2971,12,0.969,0.997,198.14261,0.39908,0
102,12,0.998,0.997,30.89291,-31.83243,0
692,12,0.923,0.998,193.10703,-0.20778,0
2302,12,,0.998,235.07002,-0.53616,0
1194,12,,0.999,211.21794,0.85627,0
474,12,0.84,1.0,49.7204,-34.34912,0
2601,12,,1.0,21.92292,-28.11041,0
1245,12,0.899,,337.6428,-28.06847,0
1769,12,0.827,,201.51872,-0.36284,0
2233,12,0.807,,234.55629,1.74189,0
1558,12,0.955,,200.07843,1.65321,0
1407,12,0.923,,10.14162,-30.75566,0
2189,12,0.894,,14.01184,-30.07568,0
657,12,0.996,,22.4562,-31.34715,0
878,12,0.982,,12.29203,-33.24469,0
2564,12,0.952,,2.50465,-29.97088,0
1122,12,0.984,,20.47003,-34.11674,0
3103,12,0.838,,52.32238,-28.26082,0
2188,12,0.988,,335.77863,-29.71478,0
207,12,0.899,,227.65529,2.6011,0
2052,12,0.963,,29.29263,-32.9716,0
1911,12,0.817,,338.5229,-29.07048,0
2206,12,0.893,,345.46494,-28.32165,0
552,12,0.875,,193.84183,-0.32383,0
2688,12,0.961,,159.90193,1.76695,0
3350,12,0.815,,189.65973,0.03603,0
758,12,0.858,,229.31471,0.58339,0
1678,12,0.814,,0.25325,-33.67316,0
1562,12,0.811,,31.10156,-32.71435,0
1824,12,0.888,,207.9021,-0.90008,0
2965,12,0.808,,25.61312,-30.50543,0
2038,12,0.863,,348.793,-28.94251,0
3245,12,0.824,,356.29495,-34.21759,0
1661,12,0.823,,348.45782,-32.00463,0
444,12,0.978,,350.40704,-28.67182,0
1742,12,0.857,,22.09254,-29.61299,0
1034,12,0.824,,158.83112,-0.56738,0
2808,12,0.899,,34.06554,-33.22612,0
478,12,0.957,,340.7436,-30.0306,0
2374,12,0.819,,37.57254,-34.2153,0
194,12,0.964,,36.43887,-32.3083,0
422,12,0.889,,45.35699,-31.60138,0
1312,12,0.981,,51.77861,-32.4351,0
2870,12,0.849,,336.45645,-31.1743,0
3332,12,0.806,,336.8726,-30.97438,0
655,12,0.947,,51.35692,-33.3139,0
3236,12,0.866,,176.58762,-2.61663,0
1201,12,0.994,,352.16013,-32.39012,0
1390,12,0.84,,214.55872,-2.52958,0
1597,12,0.996,,37.33493,-33.55427,0
1719,12,0.807,,214.6078,2.14697,0
1789,12,0.878,,47.17661,-30.42529,0
1965,12,0.821,,237.50568,-0.54201,0
72,12,0.855,,139.80649,-0.62249,0
245,12,0.832,,134.75916,0.23814,0
320,12,0.838,,135.01479,2.4079,0
1114,12,0.844,,135.92398,0.147,0
2190,12,0.844,,173.55884,-1.76617,0
1010,12,0.952,,342.88745,-31.15431,0
1358,12,0.866,,342.4465,-32.47816,0
2579,12,0.842,,177.58995,-1.01635,0
2972,12,0.833,,42.56288,-32.07784,0
1341,12,0.801,,177.34238,-0.204,0
2612,12,0.909,,353.2859,-32.35461,0
3395,12,0.882,,186.30275,-0.87468,0
3014,12,0.944,,182.58621,-1.4531,0
2918,12,0.839,,50.8902,-31.34672,0
1104,12,0.808,,211.60345,1.16362,0
1523,12,0.906,,218.2976,-1.92549,0
2403,12,0.912,,38.15559,-34.12724,0
995,12,0.803,,174.21779,0.09174,0
1673,12,0.823,,212.81598,1.7765,0
302,10,,0.809,172.22346,2.46655,0
2785,10,,0.818,53.19665,-32.21546,0
351,10,0.972,0.826,343.3854,-33.71829,0
41,10,,0.842,166.1535,2.51261,0
2750,10,,0.91,19.84587,-29.34212,0
232,10,,0.948,40.05187,-34.19992,0
611,10,0.941,0.984,18.19228,-34.15278,0
2642,10,,0.995,171.20573,0.75308,0
3038,10,0.993,1.0,31.68757,-32.7059,0
673,10,0.884,,15.49593,-31.59905,0
2194,10,0.873,,201.7096,2.83618,0
2174,10,0.811,,229.27219,0.61189,0
89,10,0.881,,348.51532,-32.5929,0
2622,10,0.971,,46.48864,-34.42802,0
906,10,0.896,,187.55647,2.41106,0
3213,10,0.836,,215.15767,2.04204,0
2615,8,,0.801,184.59625,-0.17178,0
841,8,,0.802,19.19208,-33.76894,0
3376,8,0.899,0.803,46.76692,-30.16377,0
2907,8,,0.805,5.80266,-31.24283,0
296,8,,0.805,188.31145,-0.71547,0
3083,8,,0.806,4.21435,-29.35261,0
247,8,,0.806,136.94633,1.38012,0
2254,8,,0.806,210.93379,-1.59785,0
1230,8,,0.808,213.7537,2.66748,0
2329,8,,0.81,184.0989,0.69694,0
290,8,,0.812,45.43017,-28.26024,0
1211,8,0.91,0.814,199.56915,1.57788,0
23,8,,0.814,355.71127,-31.58629,0
796,8,0.928,0.816,220.06036,0.20155,0
3097,8,0.84,0.818,139.04584,2.67026,0
1439,8,,0.821,10.22111,-33.78418,0
1218,8,,0.824,39.71563,-34.30628,0
1811,8,,0.825,53.54456,-28.20284,0
1691,8,,0.825,204.93718,-0.83881,0
2809,8,,0.825,139.93648,1.62285,0
898,8,0.981,0.827,10.60976,-33.58381,0
1352,8,,0.827,226.81364,0.42175,0
1205,8,,0.827,235.51375,1.13054,0
405,8,,0.828,220.18637,-1.99126,0
184,8,,0.828,218.68634,-0.16352,0
1374,8,0.998,0.829,159.83246,2.50591,0
850,8,,0.829,183.46042,-2.58836,0
3483,8,,0.829,174.28986,1.59304,0
1052,8,,0.836,233.64868,-0.88475,0
2484,8,,0.838,235.69913,-1.47687,0
921,8,0.937,0.84,228.78236,2.66058,0
418,8,0.853,0.844,17.95326,-34.38149,0
336,8,,0.844,11.43211,-29.12109,0
2531,8,,0.846,130.6379,2.04634,0
2827,8,,0.847,1.66623,-33.90321,0
2645,8,,0.848,47.10675,-30.28703,0
1436,8,,0.85,342.10718,-30.15358,0
1415,8,0.97,0.853,337.6564,-30.02111,0
1825,8,,0.854,21.80208,-31.12038,0
3071,8,,0.854,333.6022,-35.2796,0
667,8,,0.856,19.4934,-30.44612,0
1053,8,,0.858,158.77422,-0.78172,0
2911,8,0.894,0.859,346.90454,-33.06509,0
1528,8,,0.861,168.59612,-0.09145,0
2815,8,,0.862,234.94899,-1.71647,0
221,8,0.986,0.863,197.07094,-0.60859,0
1806,8,,0.864,10.43383,-31.77456,0
1427,8,,0.866,41.70837,-29.67283,0
3241,8,0.932,0.867,329.6985,-28.22741,0
2946,8,0.872,0.867,139.57834,0.56238,0
2822,8,,0.869,356.42862,-30.03153,0
2774,8,,0.869,1.18523,-34.01095,0
95,8,0.833,0.87,334.93698,-27.91563,0
193,8,0.842,0.871,343.62918,-28.13315,0
3025,8,0.883,0.871,229.10114,-0.83,0
949,8,0.883,0.871,41.10365,-32.82701,0
1428,8,,0.871,1.30005,-31.46821,0
1908,8,0.906,0.874,136.47115,-0.0465,0
3254,8,,0.876,345.6521,-35.44443,0
222,8,,0.877,167.58559,-2.7298,0
274,8,,0.878,227.5616,-0.98935,0
1181,8,0.839,0.88,223.24484,-2.49016,0
3425,8,,0.88,204.66406,-2.30095,0
2919,8,0.883,0.882,200.75658,-2.43856,0
998,8,0.958,0.883,22.94273,-29.66703,0
3415,8,,0.883,22.42498,-27.87664,0
3218,8,,0.884,49.7381,-31.96359,0
928,8,0.831,0.886,20.64975,-30.62364,0
167,8,0.921,0.887,180.25304,-2.421,0
1302,8,,0.887,6.38384,-30.85396,0
229,8,0.954,0.889,191.53658,1.474,0
2506,8,0.984,0.889,340.17032,-29.90188,0
2995,8,,0.89,33.80748,-30.1622,0
2599,8,,0.89,181.0211,-1.63332,0
262,8,0.888,0.891,47.87126,-34.08943,0
2973,8,,0.891,161.75427,0.27855,0
1654,8,,0.893,335.14142,-33.03152,0
3144,8,0.803,0.895,226.56972,1.85212,0
460,8,,0.895,160.18803,-0.07226,0
1921,8,,0.896,215.68222,-1.20323,0
2345,8,,0.898,33.89191,-32.49054,0
3473,8,,0.898,212.78781,-2.5119,0
367,8,0.926,0.899,345.64856,-28.70851,0
786,8,,0.9,359.3738,-33.06239,0
762,8,0.906,0.903,342.98154,-29.04066,0
3129,8,0.846,0.906,34.001,-32.38263,0
761,8,,0.906,179.05473,-1.03383,0
3365,8,,0.907,187.53941,1.08987,0
1920,8,0.845,0.909,24.86544,-29.59933,0
271,8,,0.909,15.05764,-34.36723,0
2390,8,,0.91,215.00124,2.69891,0
1535,8,,0.911,341.08978,-34.49358,0
2881,8,,0.913,230.4666,2.63296,0
3122,8,0.852,0.914,2.82083,-33.48708,0
473,8,,0.915,6.17682,-29.58651,0
1971,8,,0.916,355.03094,-29.75847,0
1458,8,,0.916,189.3205,-0.39945,0
889,8,,0.917,203.5861,2.58926,0
645,8,0.935,0.919,39.47374,-33.24448,0
3360,8,0.848,0.92,47.85658,-28.37441,0
1076,8,,0.921,329.74258,-35.05703,0
333,8,0.888,0.922,18.87535,-31.82044,0
3477,8,0.967,0.923,139.59097,2.2376,0
466,8,0.994,0.926,32.97999,-31.05762,0
1253,8,,0.926,131.83832,2.7466,0
2422,8,,0.927,170.80093,-0.05322,0
760,8,,0.927,134.82631,-1.72127,0
2646,8,,0.928,338.17047,-29.87965,0
2577,8,,0.928,131.487,0.09612,0
1699,8,0.897,0.929,336.78775,-32.31478,0
3036,8,,0.931,198.46544,5.3E-4,0
250,8,0.834,0.932,339.1434,-28.03357,0
1621,8,,0.933,350.04636,-29.69971,0
669,8,,0.935,21.77275,-27.74967,0
2294,8,0.924,0.936,20.21825,-31.48114,0
3043,8,0.963,0.936,228.3607,0.46458,0
2120,8,0.899,0.936,13.41403,-29.93937,0
1929,8,,0.937,228.7318,2.25376,0
3187,8,,0.94,49.21699,-33.37267,0
3282,8,,0.94,128.89345,-1.99985,0
1930,8,,0.941,40.33492,-29.65742,0
3371,8,,0.942,234.7291,0.28361,0
1867,8,0.85,0.943,10.41533,-30.82312,0
1023,8,0.963,0.943,236.99486,0.79349,0
936,8,0.895,0.943,131.20436,1.00066,0
310,8,0.857,0.946,181.70499,2.28065,0
1457,8,,0.947,181.63983,1.47473,0
1658,8,0.8,0.948,340.48108,-32.35027,0
1790,8,0.887,0.948,215.63472,0.02638,0
2974,8,0.996,0.949,338.87927,-33.47485,0
1236,8,,0.949,51.03239,-29.23599,0
1416,8,,0.95,213.65344,-0.46916,0
1367,8,,0.951,50.54314,-28.06697,0
2386,8,,0.953,130.29744,2.40061,0
728,8,,0.954,198.08688,-0.15842,0
1490,8,,0.956,356.95074,-29.84286,0
3465,8,,0.956,335.53964,-31.41644,0
2866,8,0.964,0.959,0.38695,-32.36279,0
1483,8,0.997,0.959,129.80597,-0.83022,0
3211,8,,0.961,347.67993,-30.36111,0
2020,8,,0.963,358.94897,-31.29942,0
2321,8,0.954,0.965,187.02785,0.14726,0
1175,8,,0.965,233.32431,2.70677,0
1331,8,,0.965,212.12895,-2.45368,0
2915,8,0.802,0.969,170.82587,-0.23196,0
912,8,0.898,0.97,359.41302,-34.31725,0
2931,8,,0.97,32.44801,-34.33224,0
2396,8,,0.97,182.93143,1.16289,0
1280,8,,0.97,141.13213,-0.15772,0
3472,8,0.977,0.972,19.5136,-31.88462,0
113,8,,0.973,177.05359,-2.9371,0
1111,8,0.945,0.974,183.51274,0.26726,0
2635,8,0.968,0.975,211.85399,1.55536,0
2156,8,,0.975,37.31239,-31.50195,0
713,8,,0.976,340.68604,-28.88457,0
2420,8,,0.976,184.08806,-0.2478,0
1487,8,0.832,0.977,37.42638,-30.07314,0
2817,8,0.951,0.977,140.65515,0.05381,0
2432,8,0.997,0.978,128.5404,-0.2816,0
1570,8,0.888,0.979,168.65817,2.61579,0
2074,8,0.881,0.979,16.5306,-33.83204,0
583,8,0.956,0.979,183.56996,0.27811,0
57,8,0.833,0.98,33.68561,-34.34857,0
3349,8,,0.98,182.5603,-0.4954,0
2562,8,0.89,0.981,177.77478,0.42791,0
2279,8,,0.981,167.68471,-1.50075,0
3055,8,,0.982,220.80763,-3.36463,0
3437,8,0.976,0.983,212.64104,-2.11331,0
1277,8,0.875,0.984,197.97108,-0.44835,0
1132,8,,0.985,341.634,-35.01565,0
2450,8,0.947,0.986,37.6072,-32.14624,0
1616,8,,0.986,330.839,-29.31679,0
33,8,,0.986,33.73505,-30.05793,0
1835,8,,0.986,236.50783,1.25122,0
828,8,0.932,0.988,221.26643,-3.34505,0
1405,8,0.924,0.989,353.72476,-33.62275,0
2749,8,0.887,0.99,212.84528,0.02337,0
2144,8,0.994,0.99,180.6015,-2.74642,0
1272,8,,0.99,48.69146,-28.57297,0
3099,8,,0.991,132.94489,2.51329,0
2128,8,0.806,0.992,184.10063,-0.15202,0
3214,8,,0.992,44.41669,-27.56232,0
1855,8,0.996,0.993,334.6656,-31.10538,0
2628,8,0.998,0.993,50.32885,-32.19789,0
1715,8,0.995,0.994,353.3483,-32.46871,0
1962,8,0.971,0.995,135.07565,2.33718,0
742,8,0.929,0.996,0.31852,-32.14243,0
1248,8,0.946,0.997,340.60977,-27.82566,0
1219,8,0.949,0.997,345.42325,-30.63932,0
3188,8,,0.997,32.0261,-32.28888,0
1998,8,0.962,0.998,48.8446,-32.04129,0
1814,8,0.986,0.998,183.79448,2.12955,0
3228,8,0.887,0.999,157.43938,-2.04166,0
2748,8,0.811,,191.35803,-0.8616,0
90,8,0.807,,329.9605,-29.7266,0
3165,8,0.823,,205.59196,1.86097,0
1285,8,0.956,,329.7873,-34.15266,0
1942,8,0.841,,16.33253,-33.93077,0
3396,8,0.97,,201.92805,-0.44166,0
1927,8,0.848,,201.89665,-0.23335,0
3306,8,0.926,,2.91899,-28.86743,0
2544,8,0.967,,0.62765,-30.43883,0
468,8,0.981,,21.86093,-32.79685,0
117,8,0.812,,3.4631,-33.64503,0
538,8,0.955,,3.11151,-33.59666,0
868,8,0.867,,189.9892,2.86555,0
71,8,0.901,,344.44913,-29.02921,0
585,8,0.848,,354.07956,-30.46207,0
3491,8,0.902,,343.34732,-35.04053,0
107,8,0.853,,343.3478,-35.04083,0
1243,8,0.959,,354.3239,-30.00751,0
686,8,0.94,,46.19506,-27.12333,0
2873,8,0.811,,336.35434,-28.7038,0
798,8,0.954,,170.09926,1.89484,0
1917,8,0.854,,198.07597,0.7933,0
3251,8,0.805,,19.90391,-31.09028,0
1776,8,0.88,,17.8247,-32.00523,0
2654,8,0.871,,53.30453,-33.41883,0
454,8,0.855,,170.43817,-2.43711,0
2002,8,0.944,,170.97433,-2.09391,0
2229,8,0.919,,201.86267,-2.66186,0
240,8,0.921,,53.88622,-32.74919,0
3495,8,0.948,,338.93436,-27.84493,0
648,8,0.914,,198.00626,1.38967,0
1065,8,0.868,,335.7405,-28.30411,0
1433,8,0.863,,167.71129,-2.00124,0
1241,8,0.946,,202.35112,2.89959,0
3452,8,0.984,,165.84875,1.9793,0
2747,8,0.845,,352.1293,-28.10086,0
1028,8,0.967,,332.54672,-35.61745,0
2273,8,0.938,,6.40239,-34.63376,0
370,8,0.846,,177.80586,-2.9669,0
272,8,0.892,,14.98036,-30.03101,0
2692,8,0.864,,359.75302,-32.17135,0
972,8,0.881,,33.31063,-34.08501,0
3143,8,0.98,,4.56347,-32.80916,0
225,8,0.864,,202.48813,1.15453,0
834,8,0.82,,2.48447,-33.93559,0
1315,8,0.915,,202.12189,1.59308,0
3286,8,0.892,,189.29669,0.40526,0
1391,8,0.842,,19.23399,-29.32333,0
1983,8,0.899,,19.77356,-28.68702,0
1013,8,0.966,,42.02597,-30.45867,0
1275,8,0.907,,45.8512,-27.76894,0
2704,8,0.855,,166.80507,-0.16878,0
39,8,0.891,,3.41278,-32.36582,0
2166,8,0.981,,37.18383,-29.7045,0
2744,8,0.92,,349.3965,-29.52116,0
1816,8,0.893,,49.32472,-28.21352,0
808,8,0.817,,206.53032,0.69666,0
469,8,0.831,,206.91862,0.81028,0
1465,8,0.91,,340.0724,-34.60191,0
1635,8,0.974,,189.82466,-0.0763,0
1576,8,0.876,,234.8659,-1.18328,0
209,8,0.853,,15.5823,-34.06263,0
575,8,0.942,,5.54386,-32.4059,0
3093,8,0.851,,159.0696,2.3452,0
166,8,0.882,,233.1754,-1.76441,0
659,8,0.99,,31.46309,-31.23256,0
2517,8,0.921,,4.50166,-29.63552,0
3112,8,0.897,,38.99919,-30.18049,0
2048,8,0.989,,39.54794,-29.986,0
2633,8,0.944,,39.35925,-29.78402,0
963,8,0.876,,204.71234,1.50222,0
241,8,0.878,,338.43378,-29.01254,0
1185,8,0.903,,345.55215,-28.15642,0
3412,8,0.966,,336.26837,-29.23388,0
549,8,0.97,,236.99513,-1.57823,0
128,8,0.935,,167.09772,0.65041,0
2547,8,0.882,,190.10353,0.5827,0
1771,8,0.981,,29.81456,-33.66144,0
2593,8,0.858,,195.79837,-0.64827,0
2512,8,0.826,,158.56747,-2.16871,0
2399,8,0.971,,160.86784,1.19748,0
2887,8,0.802,,353.2942,-30.13085,0
3381,8,0.957,,4.7527,-31.10068,0
1215,8,0.932,,354.66174,-29.8215,0
78,8,0.905,,356.859,-30.00855,0
1183,8,0.801,,199.71143,0.07676,0
542,8,0.851,,202.61311,0.74851,0
3432,8,0.956,,37.40289,-32.58491,0
2079,8,0.832,,167.284,2.70403,0
1506,8,0.849,,357.09067,-29.68132,0
2171,8,0.824,,192.16023,2.42404,0
795,8,0.997,,23.39557,-29.32614,0
3274,8,0.924,,24.39204,-28.72298,0
2383,8,0.907,,192.12022,1.49736,0
1227,8,0.865,,33.65266,-32.23172,0
3339,8,0.915,,156.7963,-1.74655,0
823,8,0.877,,204.22392,-2.34678,0
2783,8,0.91,,13.76347,-31.30885,0
455,8,0.975,,204.76828,2.58786,0
77,8,0.971,,19.13478,-33.08319,0
939,8,0.802,,209.51988,2.1409,0
2899,8,0.914,,18.73845,-31.35251,0
1166,8,0.923,,46.37069,-31.59559,0
606,8,0.863,,355.70752,-34.63427,0
2246,8,0.81,,41.59992,-30.34491,0
99,8,0.868,,21.68207,-29.39043,0
2439,8,0.981,,45.36647,-35.38899,0
299,8,0.937,,229.14543,-1.01651,0
377,8,0.847,,163.43762,-1.94281,0
1988,8,0.929,,235.85428,1.1325,0
1069,8,0.978,,171.34558,1.76443,0
2029,8,0.972,,159.69496,-0.20195,0
80,8,0.83,,355.71136,-33.72797,0
1596,8,0.967,,165.98592,0.88496,0
289,8,0.816,,229.17876,-0.25942,0
1256,8,0.881,,158.55215,0.00665,0
419,8,0.971,,2.21661,-31.99088,0
3196,8,0.978,,236.3917,1.96361,0
132,8,0.96,,185.83089,2.37805,0
1342,8,0.922,,351.41653,-30.2239,0
2326,8,0.902,,52.62638,-31.3943,0
1656,8,0.952,,49.36259,-30.5209,0
2658,8,0.809,,174.09142,2.25584,0
2561,8,0.852,,182.48819,-2.65093,0
25,8,0.912,,341.5759,-32.12382,0
1973,8,0.811,,212.90059,-0.95682,0
2027,8,0.947,,329.73157,-32.32041,0
2362,8,0.86,,181.58363,-2.07352,0
152,8,0.914,,214.68704,-0.22962,0
2040,8,0.968,,175.19292,2.20152,0
2526,8,0.946,,185.83492,-2.23786,0
270,8,0.921,,181.02388,-0.45121,0
1737,8,0.989,,185.53351,-2.1919,0
1107,8,0.983,,172.91852,-0.36627,0
646,8,0.932,,341.33685,-33.61433,0
2100,8,0.851,,46.44468,-34.18821,0
145,8,0.961,,339.10492,-32.46383,0
696,8,0.888,,338.32764,-32.31771,0
2168,8,0.93,,344.74045,-33.67209,0
226,8,0.821,,345.25766,-31.66758,0
59,8,0.84,,137.62521,-0.67505,0
922,8,0.819,,344.01456,-33.33065,0
265,8,0.924,,344.7735,-32.86182,0
1247,8,0.96,,354.162,-34.55748,0
1815,8,0.935,,183.14607,2.22973,0
384,8,0.868,,183.75334,2.22941,0
893,8,0.933,,223.79015,0.71593,0
1376,8,0.912,,175.89197,-0.08297,0
2222,8,0.909,,140.92513,0.00929,0
3068,8,0.805,,160.79066,0.31398,0
980,8,0.897,,339.46185,-31.88057,0
1746,8,0.829,,46.80629,-30.3054,0
2249,8,0.822,,180.11038,-2.68407,0
1887,8,0.87,,341.44037,-31.4489,0
1179,8,0.901,,138.61974,2.63477,0
3121,8,0.9,,347.9494,-34.38926,0
123,8,0.839,,332.31934,-32.62588,0
3429,8,0.81,,34.74711,-31.3155,0
3074,8,0.959,,32.55606,-32.33027,0
1029,8,0.936,,176.43518,-0.87909,0
376,8,0.821,,51.72986,-34.53976,0
2548,8,0.948,,39.80016,-34.2478,0
2110,8,0.818,,354.26825,-32.61026,0
186,8,0.953,,133.93068,0.11314,0
1984,8,0.892,,237.34608,-0.83729,0
1251,8,0.86,,47.77405,-32.63805,0
3120,8,0.887,,188.26544,0.69358,0
3172,8,0.809,,359.98468,-31.52027,0
3062,8,0.952,,337.92606,-29.75233,0
982,8,0.866,,217.98141,1.80345,0
2057,8,0.863,,340.65613,-33.28343,0
853,8,0.883,,139.63684,2.88689,0
702,8,0.951,,130.01102,-0.45857,0
3397,8,0.88,,130.36703,1.81084,0
1447,8,0.862,,42.02935,-33.25539,0
2126,8,0.833,,41.92505,-32.90055,0
2070,8,0.924,,236.19914,-0.79057,0
782,8,0.881,,236.28891,-0.23943,0
2375,8,0.957,,139.28236,-0.03447,0
539,8,0.812,,213.56206,-0.24168,0
1340,8,0.843,,136.0962,-1.58451,0
1410,8,0.893,,129.42714,2.15848,0
671,8,0.957,,184.68452,-0.25683,0
486,8,0.837,,185.39908,1.66846,0
990,8,0.969,,162.22514,0.93725,0
1818,8,0.88,,183.24023,-2.11047,0
2532,8,0.808,,231.77907,0.94964,0
1387,8,0.856,,130.99026,0.61736,0
7,8,0.933,,342.77005,-31.75286,0
2533,8,0.8,,135.33061,-0.62677,0
12,8,0.835,,40.97086,-32.93798,0
3262,8,0.934,,40.04078,-32.87665,0
1939,8,0.843,,183.3706,-1.38407,0
3232,8,0.89,,353.1925,-31.8752,0
3488,8,0.855,,48.46825,-31.81317,0
2181,8,0.987,,223.0323,1.15084,0
2,8,0.942,,183.57155,1.13514,0
826,8,0.881,,187.42567,2.5399,0
1421,8,0.916,,180.4828,-1.83308,0
3446,8,0.871,,218.72342,-1.53014,0
304,8,0.859,,50.99888,-31.38003,0
1432,8,0.977,,137.40695,0.46003,0
1702,8,0.898,,181.97096,-0.36712,0
1759,8,0.824,,141.09172,-0.85111,0
1919,8,0.935,,138.53828,1.73488,0
3061,8,0.906,,355.5565,-33.09224,0
1050,8,0.946,,329.7322,-30.70473,0
48,8,0.966,,230.94629,-0.63968,0
2068,8,0.966,,173.92831,1.35893,0
3422,8,0.88,,177.58234,1.6796,0
3054,8,0.975,,40.45128,-29.74902,0
1191,8,0.872,,184.48257,-0.28244,0
946,8,0.814,,207.10962,-1.77774,0
2069,8,0.839,,211.13911,-0.65631,0
3247,8,0.971,,346.94272,-29.96418,0
854,4,,0.8,235.52332,-0.95287,0
358,4,0.872,0.801,213.89685,-0.07243,0
1660,4,,0.802,41.74979,-33.9478,0
839,4,0.97,0.803,156.56792,-1.15014,0
3006,4,,0.803,233.96333,-0.28822,0
441,4,,0.803,140.50743,-0.9813,0
2833,4,,0.804,3.08138,-32.11724,0
2065,4,,0.805,352.20923,-30.75465,0
519,4,0.826,0.806,166.40173,1.01988,0
3264,4,,0.806,215.6768,-0.25938,0
1048,4,,0.807,167.31903,-2.57065,0
447,4,,0.807,352.42804,-28.53991,0
2219,4,,0.807,352.02173,-34.22985,0
446,4,,0.807,149.96715,2.56581,0
2804,4,,0.807,48.70771,-33.04041,0
427,4,,0.808,352.83456,-34.63778,0
1627,4,,0.808,182.83478,1.9272,0
2419,4,0.887,0.809,180.5351,2.87423,0
2135,4,,0.809,170.93823,-2.78502,0
2217,4,,0.809,178.11662,1.4271,0
2212,4,0.819,0.81,178.16974,-1.31916,0
2528,4,,0.81,202.96568,0.53065,0
2963,4,,0.811,164.91965,-1.51548,0
625,4,,0.811,205.7244,-0.73791,0
3040,4,0.923,0.812,356.62878,-32.74129,0
532,4,,0.812,3.34086,-32.59948,0
1793,4,,0.812,200.5491,1.81635,0
3455,4,,0.812,138.8727,2.31796,0
2507,4,,0.812,176.11624,-0.61902,0
3075,4,,0.813,335.97736,-31.77134,0
2816,4,0.959,0.814,183.69348,1.97185,0
227,4,0.823,0.815,141.44118,2.53864,0
2788,4,,0.815,208.2217,-0.78667,0
1861,4,0.806,0.816,200.90746,-2.19743,0
1240,4,0.865,0.817,214.04005,2.41518,0
766,4,,0.818,138.02586,-0.50023,0
1714,4,0.934,0.82,50.06869,-31.89125,0
2112,4,0.985,0.82,185.59486,1.09322,0
649,4,0.803,0.82,185.93364,-1.96194,0
2044,4,,0.821,160.20686,1.85969,0
1204,4,,0.821,214.41273,-0.16268,0
756,4,0.854,0.822,3.01269,-33.3749,0
327,4,0.907,0.822,337.86972,-29.77342,0
540,4,,0.822,50.88149,-34.76221,0
112,4,,0.822,234.9297,2.76039,0
1441,4,,0.824,232.50577,2.69702,0
224,4,,0.824,356.4963,-33.73132,0
2471,4,,0.824,207.49109,-1.87939,0
3335,4,,0.824,347.70486,-32.74398,0
2966,4,,0.825,52.9393,-31.93184,0
2762,4,0.965,0.826,52.70717,-32.09025,0
2406,4,0.816,0.826,337.13953,-32.76078,0
1953,4,0.975,0.826,221.40536,2.31397,0
2864,4,,0.826,159.525,-0.51636,0
87,4,,0.826,174.90314,2.81733,0
2908,4,,0.826,189.25935,-0.81882,0
794,4,0.823,0.827,156.45006,-0.18404,0
1694,4,0.919,0.827,30.10788,-32.02503,0
3190,4,0.906,0.827,26.1563,-30.61262,0
2700,4,,0.827,13.173,-28.68961,0
3393,4,0.967,0.828,1.94876,-33.74484,0
1891,4,0.92,0.828,181.49326,-0.28503,0
2735,4,0.821,0.828,352.0613,-32.37841,0
1442,4,,0.828,335.44064,-30.37596,0
866,4,,0.828,164.98094,1.92117,0
832,4,,0.828,225.70354,0.16792,0
316,4,,0.829,39.2864,-31.85292,0
176,4,0.97,0.83,140.5011,-0.38913,0
431,4,,0.83,169.57085,0.27829,0
1949,4,0.916,0.831,209.19562,1.50925,0
2448,4,,0.831,222.18031,1.17729,0
2380,4,,0.832,157.65892,0.39167,0
2765,4,,0.833,233.10527,1.96828,0
993,4,,0.833,232.24986,2.51603,0
1885,4,,0.833,51.83702,-33.01077,0
1956,4,,0.833,137.15492,-0.91254,0
1820,4,0.92,0.834,33.93513,-33.60836,0
3435,4,,0.834,227.96184,1.68531,0
1046,4,,0.834,165.56949,0.22192,0
1827,4,,0.834,40.1185,-30.40413,0
1198,4,,0.835,334.97394,-28.20574,0
3107,4,,0.835,38.44538,-32.06253,0
323,4,0.846,0.836,217.2968,-0.46522,0
2400,4,,0.836,185.82843,2.5109,0
3051,4,,0.836,131.17827,1.19417,0
846,4,0.881,0.837,163.75053,-0.4606,0
3499,4,,0.837,330.87015,-29.64474,0
988,4,,0.837,40.03353,-34.64467,0
2895,4,0.873,0.839,225.7365,-0.66455,0
1501,4,,0.839,196.59431,0.12551,0
2543,4,,0.839,174.12352,2.54826,0
1717,4,,0.839,129.66942,0.05318,0
3328,4,0.962,0.84,136.56941,-1.21495,0
555,4,,0.84,20.07064,-30.79788,0
251,4,,0.84,342.4121,-32.19768,0
3223,4,,0.84,172.1837,-0.79274,0
2087,4,0.899,0.841,161.89574,0.25081,0
1370,4,,0.841,7.91768,-29.51635,0
2159,4,,0.841,343.94598,-30.14667,0
865,4,0.856,0.842,176.55864,0.07481,0
2590,4,,0.842,163.33037,1.43589,0
3042,4,,0.842,348.75702,-31.9229,0
3405,4,,0.842,172.30547,-2.15154,0
2693,4,,0.842,343.4454,-32.62959,0
1404,4,0.892,0.843,359.36676,-33.2558,0
1745,4,,0.843,161.07701,2.48855,0
531,4,,0.843,200.68712,-0.62898,0
22,4,,0.843,184.12447,0.35697,0
2394,4,,0.844,337.3899,-34.59335,0
204,4,,0.844,31.14315,-30.84315,0
1504,4,,0.844,173.9541,2.67514,0
2716,4,,0.844,181.15059,-0.31026,0
2575,4,,0.845,20.64334,-30.0708,0
2240,4,,0.845,41.4975,-29.82067,0
956,4,,0.845,210.15273,-1.07051,0
3337,4,,0.845,234.9523,2.87796,0
856,4,,0.845,234.22229,2.98786,0
459,4,,0.845,51.00856,-33.20433,0
337,4,,0.845,354.4668,-31.93654,0
197,4,0.984,0.846,201.68126,2.57202,0
1042,4,0.815,0.846,343.07968,-31.22643,0
425,4,,0.846,348.6399,-31.65752,0
4,4,,0.846,33.79861,-32.3298,0
3330,4,0.883,0.847,329.53976,-27.82527,0
1182,4,,0.847,36.53925,-32.34444,0
3457,4,,0.848,21.22401,-34.37374,0
3402,4,,0.848,12.04644,-31.39869,0
1269,4,,0.848,133.16687,1.23096,0
3317,4,,0.849,353.77158,-32.8531,0
2767,4,,0.849,218.70633,-2.05814,0
1409,4,,0.85,173.39764,-2.55968,0
3249,4,0.925,0.851,337.1787,-29.14523,0
3237,4,0.81,0.851,210.51448,1.10441,0
765,4,,0.851,20.13592,-30.39264,0
3368,4,,0.851,183.55873,-0.26606,0
3010,4,,0.852,230.99747,2.40621,0
60,4,0.907,0.853,348.78763,-29.17064,0
1177,4,0.861,0.853,203.89468,0.00812,0
945,4,,0.853,168.56749,-1.81603,0
2710,4,0.937,0.854,0.68757,-34.20733,0
3085,4,,0.855,165.1968,-0.72368,0
1464,4,0.974,0.856,209.39995,2.62879,0
1499,4,0.808,0.856,227.87389,-0.15518,0
2182,4,,0.856,356.81595,-33.48444,0
2509,4,,0.857,168.2115,2.49125,0
69,4,,0.857,190.38408,2.84464,0
155,4,,0.857,174.15141,-2.71129,0
2515,4,0.872,0.858,198.65498,0.86779,0
938,4,,0.858,181.64168,-2.85065,0
2086,4,0.897,0.859,337.35495,-32.01702,0
142,4,,0.859,49.73777,-31.96301,0
394,4,,0.859,234.15308,-1.97777,0
477,4,,0.859,3.9055,-29.96401,0
1004,4,,0.861,335.74768,-28.00763,0
1492,4,,0.861,164.27649,-1.3263,0
2745,4,0.874,0.862,7.7182,-33.18817,0
3111,4,0.874,0.862,131.03772,1.01577,0
1940,4,,0.862,346.80783,-27.79174,0
2123,4,,0.862,221.91681,-0.99942,0
312,4,0.828,0.863,168.05772,-1.62351,0
2242,4,,0.863,332.6751,-30.74582,0
1467,4,,0.864,165.11751,-1.0063,0
2761,4,,0.864,225.12419,-1.98567,0
1139,4,,0.864,157.80258,-0.35005,0
1208,4,0.963,0.865,199.76538,1.09242,0
3265,4,0.867,0.865,332.22842,-28.79836,0
1799,4,0.918,0.865,50.77591,-30.7275,0
2739,4,,0.865,168.59467,-1.86014,0
8,4,,0.865,185.10466,2.4316,0
170,4,0.868,0.866,17.06532,-34.45714,0
3492,4,0.932,0.866,205.61018,-1.05948,0
201,4,,0.866,184.7359,0.14865,0
740,4,0.882,0.867,199.9389,0.34253,0
3279,4,0.887,0.867,137.95145,-1.56749,0
2980,4,,0.867,209.52069,0.98851,0
3367,4,,0.867,208.09865,0.06211,0
2026,4,0.956,0.868,348.09024,-31.60858,0
1479,4,0.948,0.869,235.01564,2.79724,0
607,4,0.837,0.869,32.82034,-33.42645,0
2475,4,,0.869,203.00462,1.62481,0
2328,4,,0.869,52.53421,-26.9231,0
2483,4,,0.87,231.51694,0.01616,0
497,4,,0.87,141.6879,2.01721,0
971,4,,0.871,139.4366,2.12327,0
3060,4,,0.872,173.36671,1.94964,0
2851,4,,0.872,226.41054,-1.70882,0
68,4,0.883,0.873,52.126,-28.56405,0
2266,4,0.876,0.873,133.48332,0.38351,0
3486,4,,0.873,30.2327,-31.02739,0
3019,4,0.884,0.875,207.76065,0.40583,0
2402,4,,0.875,199.781,0.5023,0
2933,4,,0.875,181.48277,2.07853,0
3110,4,0.848,0.876,165.05428,-0.9586,0
2259,4,,0.876,16.11608,-34.14795,0
1394,4,,0.876,18.98918,-32.32113,0
1026,4,,0.876,218.04239,0.65258,0
464,4,0.885,0.877,14.32895,-30.91721,0
2165,4,,0.877,6.01683,-33.93967,0
3181,4,,0.877,334.55356,-29.06664,0
189,4,,0.877,138.65686,2.594,0
3478,4,,0.877,131.45035,2.07844,0
470,4,0.927,0.878,44.70606,-30.993,0
109,4,,0.878,339.01245,-27.72688,0
809,4,0.865,0.88,172.96922,-2.25842,0
345,4,,0.88,238.20071,1.03967,0
1129,4,,0.88,129.69547,-0.38179,0
1609,4,0.954,0.881,20.92202,-31.97581,0
1332,4,,0.881,232.23602,2.9491,0
2702,4,,0.881,22.45725,-30.40705,0
1750,4,,0.882,223.32468,2.64789,0
1152,4,0.893,0.883,180.18254,2.5757,0
2981,4,,0.883,49.21062,-32.24097,0
578,4,,0.883,343.20593,-29.07994,0
1392,4,0.97,0.884,14.59987,-30.82963,0
3053,4,0.866,0.884,168.78851,-0.56386,0
3404,4,0.934,0.884,206.78607,-2.0223,0
1727,4,,0.884,203.56999,2.60305,0
1018,4,0.858,0.886,356.93195,-33.81601,0
627,4,,0.886,165.03255,-1.68668,0
3263,4,,0.886,161.80348,0.49765,0
2066,4,0.857,0.887,203.54367,1.6266,0
2737,4,,0.887,45.74493,-25.71972,0
2141,4,,0.887,161.05986,-1.86334,0
3366,4,,0.887,227.49406,2.37312,0
3285,4,,0.888,202.21777,-2.25618,0
1155,4,,0.888,159.03273,-0.98462,0
2624,4,,0.888,180.51567,-0.69374,0
2799,4,0.917,0.889,198.69188,1.19744,0
1203,4,0.927,0.889,32.49261,-34.56675,0
1682,4,,0.889,219.94438,-0.97582,0
1000,4,0.867,0.89,206.79678,1.10386,0
1907,4,0.972,0.89,356.00568,-31.6201,0
1722,4,0.959,0.89,219.08748,1.36664,0
1314,4,,0.89,201.24327,2.38166,0
1386,4,,0.89,18.7343,-31.12801,0
788,4,0.979,0.891,357.14813,-29.71802,0
86,4,,0.891,332.33292,-29.13817,0
3363,4,,0.892,330.8594,-29.30225,0
1146,4,,0.892,350.03168,-34.08745,0
1347,4,0.921,0.893,227.34273,0.86084,0
951,4,0.887,0.893,215.82188,-1.26624,0
1047,4,,0.893,13.86865,-30.69241,0
2267,4,,0.893,352.02185,-31.44427,0
800,4,,0.893,50.25212,-31.86238,0
3430,4,,0.893,130.73718,1.55961,0
1770,4,,0.893,47.83018,-30.98903,0
2381,4,,0.894,210.30356,1.71624,0
2886,4,0.893,0.895,53.20426,-29.19273,0
3453,4,,0.895,188.28026,1.53039,0
457,4,,0.895,215.79222,-0.09455,0
1036,4,,0.896,352.58267,-29.25852,0
234,4,,0.896,177.47238,-1.03775,0
705,4,0.96,0.897,332.5669,-34.65792,0
1144,4,0.915,0.897,52.02391,-27.26826,0
445,4,0.863,0.897,133.9433,-0.84408,0
2062,4,,0.897,332.48624,-28.36717,0
2303,4,0.974,0.898,40.22729,-34.34315,0
1585,4,0.875,0.898,34.15349,-33.2145,0
699,4,0.902,0.898,40.68613,-32.65894,0
858,4,,0.898,18.84148,-30.84428,0
3109,4,,0.899,170.54704,0.45994,0
3303,4,,0.9,353.58926,-30.66159,0
2565,4,,0.901,182.74438,1.19287,0
3344,4,0.992,0.902,1.43637,-31.13294,0
3087,4,0.85,0.902,352.92413,-34.16354,0
1645,4,0.829,0.902,182.54744,-2.32485,0
679,4,0.907,0.902,40.42545,-33.17331,0
1810,4,,0.902,130.94731,-0.89813,0
1375,4,,0.902,185.47041,-1.14149,0
413,4,,0.903,206.66974,0.99856,0
2469,4,,0.903,358.26526,-31.02144,0
2677,4,0.992,0.905,330.45328,-34.77762,0
1549,4,,0.905,357.38882,-29.98894,0
591,4,,0.905,333.8133,-34.47496,0
614,4,,0.905,139.37514,1.14885,0
3132,4,,0.905,140.16211,0.79018,0
1419,4,0.858,0.906,46.78183,-29.50725,0
2150,4,0.976,0.906,188.44678,2.29807,0
1184,4,,0.906,330.14474,-28.8529,0
119,4,,0.906,343.0259,-33.41973,0
3320,4,,0.907,31.14553,-33.67884,0
3018,4,,0.907,31.66953,-33.25547,0
1385,4,,0.907,183.94475,1.56654,0
3481,4,,0.907,343.03082,-32.39629,0
2031,4,0.905,0.908,203.00687,-2.32082,0
746,4,,0.908,140.50739,-0.98126,0
1994,4,,0.908,216.67169,-2.06232,0
2984,4,0.891,0.909,341.6907,-33.60657,0
3069,4,,0.909,233.11568,2.44315,0
1246,4,,0.909,235.0535,2.22284,0
953,4,0.96,0.91,203.65932,0.30297,0
2772,4,0.96,0.91,38.97132,-32.84258,0
309,4,0.827,0.91,1.86039,-32.98367,0
3220,4,,0.91,236.6,0.91135,0
267,4,0.807,0.911,354.9021,-31.46557,0
880,4,0.996,0.911,49.07257,-33.19493,0
2647,4,,0.911,46.86874,-28.24511,0
2541,4,,0.912,179.41953,1.42309,0
1213,4,,0.912,132.58467,1.54563,0
178,4,,0.912,138.84712,-0.00437,0
546,4,,0.913,196.5116,-0.0934,0
3119,4,,0.913,214.61494,-0.28458,0
135,4,,0.913,0.53929,-33.05526,0
787,4,,0.914,186.46213,-1.9955,0
959,4,,0.914,150.42104,1.98445,0
2336,4,,0.914,331.6398,-32.56896,0
29,4,,0.915,176.43259,-1.9811,0
739,4,,0.916,52.55437,-32.1955,0
3155,4,,0.916,333.03906,-29.40654,0
3175,4,,0.916,173.73372,2.65813,0
750,4,,0.916,351.88306,-34.06755,0
521,4,,0.916,164.3433,0.82487,0
3305,4,0.909,0.917,51.52578,-29.19131,0
1954,4,,0.917,221.99893,1.98125,0
2291,4,,0.918,14.69344,-33.56031,0
2258,4,,0.919,140.83371,0.99331,0
1590,4,,0.919,184.63742,-0.23207,0
3340,4,,0.919,218.10612,-1.30167,0
501,4,,0.92,215.069,2.22428,0
2220,4,,0.92,133.13342,1.28864,0
280,4,0.873,0.921,13.89787,-29.88162,0
93,4,0.907,0.921,230.43118,1.25229,0
3224,4,,0.921,334.12424,-34.60443,0
2415,4,,0.923,165.02377,-0.13977,0
2605,4,,0.923,133.88799,0.07105,0
813,4,0.851,0.924,336.35498,-28.43525,0
2993,4,,0.924,228.07425,1.96535,0
656,4,,0.924,177.24017,0.47938,0
755,4,,0.925,135.9112,-1.83449,0
1982,4,,0.925,173.77138,0.75308,0
1595,4,,0.926,176.87413,1.38795,0
837,4,0.884,0.927,336.45355,-33.80837,0
1712,4,,0.927,215.95073,0.00754,0
1475,4,,0.927,350.96814,-30.74757,0
2103,4,,0.928,168.48808,-1.55878,0
2306,4,,0.928,221.12935,-2.31102,0
2293,4,,0.929,337.58466,-28.09191,0
10,4,,0.929,194.48444,-1.0244,0
961,4,,0.929,6.16141,-31.23683,0
2413,4,,0.929,336.0579,-32.66215,0
587,4,,0.93,11.10528,-31.9987,0
1477,4,,0.93,230.4505,2.84919,0
1377,4,0.98,0.931,218.86758,0.05829,0
3057,4,,0.931,329.89276,-29.59731,0
79,4,,0.931,357.40317,-34.41735,0
44,4,,0.931,174.41154,2.32547,0
1462,4,0.88,0.932,5.53621,-32.91628,0
1398,4,0.939,0.932,335.19687,-28.15641,0
690,4,0.966,0.932,33.48691,-33.24557,0
1631,4,,0.932,26.58881,-28.92753,0
2053,4,,0.932,332.26904,-31.12649,0
1278,4,0.877,0.933,14.339,-28.44439,0
510,4,,0.933,209.8076,-1.30427,0
668,4,,0.934,7.51045,-33.08298,0
2001,4,,0.934,356.6213,-31.52945,0
3343,4,0.829,0.935,202.14781,-2.37303,0
2802,4,0.875,0.935,172.8398,-2.94403,0
1641,4,0.881,0.935,355.99896,-33.21793,0
276,4,,0.935,204.47766,2.81234,0
2341,4,,0.935,354.7304,-31.40627,0
1560,4,0.946,0.936,172.70192,1.05019,0
2643,4,0.877,0.936,30.60514,-32.91808,0
994,4,,0.936,52.59337,-32.17968,0
1663,4,,0.936,5.79397,-30.8092,0
821,4,,0.936,180.74144,-1.07096,0
1061,4,0.851,0.938,358.13235,-30.33925,0
1894,4,0.904,0.939,31.44887,-30.75185,0
1578,4,0.976,0.939,138.6586,-1.30571,0
3468,4,,0.939,163.41249,-1.96993,0
2998,4,,0.939,353.11606,-31.44643,0
1261,4,0.922,0.94,49.77993,-28.73124,0
2983,4,,0.94,17.3869,-33.82333,0
3127,4,,0.94,185.18619,2.30949,0
212,4,0.832,0.941,340.94357,-34.2776,0
2606,4,,0.941,336.95358,-28.03849,0
340,4,,0.941,3.6769,-32.64489,0
2418,4,0.961,0.942,228.03403,-1.85817,0
387,4,0.893,0.942,180.35544,1.5083,0
2566,4,,0.942,226.86293,1.65993,0
2307,4,0.926,0.943,171.7645,0.13177,0
751,4,,0.943,347.02957,-33.15841,0
3414,4,,0.943,186.6644,-0.49252,0
3391,4,0.862,0.944,200.22105,1.4995,0
403,4,0.916,0.944,30.46863,-32.35981,0
2662,4,0.831,0.944,182.96048,1.33664,0
1118,4,0.95,0.945,21.81281,-31.64079,0
1788,4,0.916,0.945,218.39003,2.90111,0
1435,4,0.979,0.945,136.57536,-0.41515,0
745,4,0.864,0.945,186.09373,-1.12029,0
2016,4,,0.945,352.9913,-30.62494,0
818,4,,0.945,217.97697,2.40406,0
185,4,0.918,0.946,236.1123,0.16737,0
1250,4,0.872,0.947,156.86555,-1.93202,0
1977,4,,0.947,209.84093,0.32616,0
401,4,,0.947,359.83044,-30.18822,0
2059,4,,0.948,180.13943,-2.43651,0
890,4,,0.948,186.09003,-1.82075,0
2978,4,,0.949,234.17096,1.56295,0
378,4,,0.949,20.67203,-29.2129,0
396,4,,0.949,139.76028,0.59292,0
875,4,0.957,0.95,22.42969,-30.11464,0
3329,4,0.906,0.95,174.21927,-1.39193,0
1307,4,,0.95,335.37427,-28.47161,0
2067,4,,0.951,237.14781,-1.97159,0
918,4,,0.951,18.21888,-33.90538,0
360,4,,0.951,181.86589,1.12248,0
1225,4,,0.952,53.00756,-28.21741,0
3113,4,,0.952,356.00565,-31.62011,0
2634,4,,0.952,43.80186,-31.78025,0
1128,4,0.995,0.953,334.2875,-30.40685,0
1600,4,0.818,0.954,34.59845,-32.28919,0
1736,4,0.866,0.954,131.40182,-1.50206,0
436,4,0.932,0.954,238.44975,1.00522,0
2054,4,,0.955,212.20938,-1.53839,0
480,4,,0.956,358.26532,-31.02146,0
1756,4,,0.957,30.22404,-30.37919,0
2832,4,0.811,0.958,46.8886,-28.7358,0
1105,4,,0.958,167.43668,-0.76455,0
516,4,,0.959,174.53204,1.30009,0
1517,4,0.855,0.96,184.42766,0.33915,0
3215,4,0.924,0.961,46.6559,-28.5632,0
1985,4,0.967,0.961,178.4246,-2.30788,0
2358,4,,0.961,332.70813,-34.95884,0
2084,4,,0.962,333.4226,-28.99331,0
2511,4,0.91,0.963,227.88503,-0.42694,0
695,4,,0.963,33.85702,-33.8696,0
3390,4,,0.963,339.577,-28.39223,0
1947,4,0.874,0.964,342.82047,-30.52462,0
913,4,0.882,0.964,236.52303,0.14141,0
1418,4,,0.964,212.16078,0.2401,0
707,4,0.895,0.966,226.9546,-1.11728,0
3387,4,,0.966,4.14715,-28.85235,0
1667,4,0.865,0.967,42.28796,-32.73961,0
2883,4,0.807,0.967,192.65024,2.27788,0
1228,4,0.996,0.967,357.7148,-32.98273,0
3037,4,0.923,0.967,49.3224,-33.7601,0
3428,4,,0.967,30.20107,-31.48047,0
1446,4,,0.967,223.00017,-1.07518,0
2114,4,,0.967,51.35021,-32.75743,0
490,4,0.948,0.968,159.6128,-1.91201,0
2959,4,,0.968,180.96904,-2.33874,0
3199,4,,0.969,26.06162,-29.98238,0
1360,4,,0.969,221.27144,-1.18307,0
3130,4,0.941,0.97,230.1657,2.70365,0
1025,4,0.971,0.97,336.5809,-29.20363,0
1778,4,,0.97,14.23325,-30.42193,0
1878,4,0.803,0.971,230.20226,2.98001,0
1587,4,0.989,0.971,202.28217,1.57557,0
1403,4,0.957,0.971,24.02415,-28.71448,0
802,4,,0.971,358.18906,-31.77669,0
1353,4,0.856,0.972,348.06485,-33.05568,0
1881,4,,0.972,167.40454,0.58279,0
835,4,0.827,0.973,36.12506,-30.39339,0
2863,4,0.849,0.973,329.42377,-35.28775,0
716,4,0.908,0.974,203.49442,-0.32677,0
874,4,0.937,0.974,34.94892,-32.49396,0
1507,4,0.981,0.974,132.12459,0.88348,0
3454,4,,0.974,191.10631,1.28878,0
19,4,,0.974,1.78415,-34.1003,0
547,4,0.826,0.976,343.30557,-34.32243,0
1846,4,0.997,0.977,1.56922,-34.47606,0
339,4,0.961,0.977,217.69655,0.79835,0
3408,4,,0.978,201.13084,-0.77873,0
2538,4,,0.978,214.94325,0.91995,0
2492,4,,0.979,37.25127,-31.4779,0
2865,4,0.954,0.981,171.02538,-0.43718,0
2999,4,0.825,0.981,183.61464,0.87977,0
2127,4,0.959,0.981,135.78537,1.75453,0
830,4,0.991,0.982,231.36353,2.8455,0
2573,4,0.95,0.982,222.0345,1.33095,0
2064,4,,0.982,333.24005,-28.73058,0
1701,4,,0.982,185.72519,-1.28592,0
2859,4,0.984,0.983,214.58482,1.26891,0
471,4,,0.983,10.04244,-31.98262,0
2337,4,0.992,0.984,4.17592,-33.33226,0
402,4,,0.984,342.9134,-29.36104,0
933,4,0.863,0.985,336.37836,-28.24848,0
1877,4,0.974,0.985,200.17776,-2.82798,0
1096,4,,0.985,1.09146,-33.68337,0
2095,4,0.985,0.986,15.63024,-33.61439,0
2039,4,0.996,0.986,211.1874,-2.35657,0
2089,4,,0.986,191.15756,2.11961,0
3292,4,,0.987,198.19325,0.51827,0
1698,4,0.983,0.988,136.45627,-0.05697,0
174,4,,0.988,352.24277,-30.41665,0
1071,4,,0.988,176.75488,-1.90165,0
2780,4,0.942,0.989,2.30228,-30.13529,0
1378,4,,0.99,176.6528,1.15741,0
662,4,0.965,0.992,50.7742,-31.15413,0
3007,4,,0.992,338.8916,-28.3738,0
2395,4,0.972,0.993,2.71017,-29.16964,0
1030,4,0.941,0.993,354.84308,-32.5729,0
3179,4,0.845,0.995,19.51557,-28.86438,0
1575,4,0.982,0.995,215.10176,1.91675,0
159,4,,0.995,20.29754,-32.38457,0
548,4,,0.995,29.48508,-34.20997,0
1500,4,,0.995,202.82394,0.3491,0
3027,4,0.982,0.996,10.92909,-31.26654,0
847,4,0.932,0.996,139.98456,0.05809,0
3383,4,,0.996,350.21786,-34.49104,0
1780,4,0.94,0.997,2.4812,-33.16003,0
1019,4,,0.997,170.88089,0.86207,0
476,4,,0.997,38.82759,-32.14163,0
1402,4,0.884,0.998,22.05267,-29.53452,0
1531,4,0.999,0.999,193.11684,-0.17317,0
3407,4,0.971,1.0,133.20793,1.80802,0
2071,4,0.98,1.0,347.5168,-29.80923,0
314,4,0.92,,333.9699,-30.99834,0
1572,4,0.978,,46.74445,-34.85024,0
1554,4,0.949,,191.33156,-0.97787,0
1779,4,0.978,,202.69443,1.19737,0
177,4,0.896,,229.29045,2.61958,0
2546,4,0.812,,229.35732,2.69782,0
1288,4,0.917,,203.07697,1.67426,0
2793,4,0.879,,330.0515,-29.2025,0
1839,4,0.816,,205.94324,0.97913,0
1913,4,0.874,,173.10513,1.4478,0
1289,4,0.858,,330.12854,-34.5779,0
732,4,0.945,,11.77097,-29.2613,0
1758,4,0.879,,334.43478,-28.14568,0
622,4,0.91,,329.5463,-33.78429,0
2940,4,0.846,,30.23423,-30.86422,0
371,4,0.925,,332.42502,-30.43711,0
2557,4,0.824,,160.8995,-0.1262,0
2025,4,0.872,,51.15955,-35.10646,0
1149,4,0.809,,51.0592,-35.09937,0
3204,4,0.917,,5.89691,-33.3739,0
2468,4,0.893,,5.74604,-33.29324,0
2976,4,0.867,,160.923,-1.97872,0
116,4,0.829,,15.32246,-31.49113,0
560,4,0.84,,342.3284,-35.1982,0
1395,4,0.921,,15.10929,-31.25675,0
2497,4,0.825,,14.7385,-31.0228,0
991,4,0.929,,3.45459,-33.58498,0
1438,4,0.958,,44.138,-34.56273,0
2301,4,0.861,,206.74577,1.09862,0
2979,4,0.838,,157.34195,-2.65253,0
55,4,0.904,,354.24594,-30.29229,0
3276,4,0.861,,196.84393,0.96948,0
1794,4,0.812,,197.22424,1.5132,0
91,4,0.881,,196.72745,1.96914,0
1946,4,0.974,,343.16623,-35.46426,0
129,4,0.873,,355.13934,-30.54956,0
83,4,0.811,,355.75278,-30.16581,0
2789,4,0.895,,46.34869,-27.54558,0
2225,4,0.949,,225.28822,2.36595,0
634,4,0.815,,49.37563,-31.99454,0
136,4,0.818,,342.6556,-34.7947,0
1140,4,0.801,,5.976,-32.64883,0
3476,4,0.847,,11.16897,-32.04345,0
1131,4,0.826,,199.71213,1.82711,0
1478,4,0.889,,199.53532,1.90228,0
753,4,0.907,,339.7774,-29.64783,0
133,4,0.86,,198.37239,0.30471,0
1957,4,0.835,,52.83963,-35.51704,0
2773,4,0.825,,52.73012,-35.41943,0
1785,4,0.867,,52.23002,-35.43249,0
1173,4,0.938,,17.67165,-32.42941,0
1519,4,0.899,,52.13288,-35.27229,0
2784,4,0.934,,232.81493,1.95822,0
230,4,0.843,,169.23253,-0.65092,0
3147,4,0.852,,338.76666,-28.36016,0
3105,4,0.935,,338.22794,-28.35851,0
1550,4,0.8,,9.94903,-31.50492,0
2580,4,0.932,,45.22645,-27.23304,0
1286,4,0.895,,53.62949,-32.62985,0
2350,4,0.836,,13.40746,-30.5145,0
2093,4,0.903,,167.17537,-2.80239,0
2868,4,0.979,,17.24457,-31.40892,0
1178,4,0.922,,232.95724,2.84488,0
2964,4,0.92,,166.41295,0.96637,0
1372,4,0.875,,232.42542,2.985,0
2080,4,0.881,,191.03876,1.65661,0
3207,4,0.811,,190.6424,0.4922,0
1950,4,0.905,,45.09838,-28.19301,0
3311,4,0.809,,230.94221,1.88575,0
1292,4,0.854,,230.95396,2.8247,0
2384,4,0.859,,352.02106,-28.38331,0
1960,4,0.856,,0.81817,-31.63607,0
3403,4,0.91,,17.53747,-31.78586,0
1634,4,0.803,,15.35936,-29.79685,0
500,4,0.854,,14.67648,-29.81067,0
3370,4,0.979,,1.74425,-31.38683,0
1796,4,0.827,,1.30104,-31.46861,0
1898,4,0.899,,336.7617,-35.443,0
3445,4,0.819,,177.01358,-2.57847,0
1840,4,0.968,,164.95293,-0.13475,0
2610,4,0.913,,164.86862,-0.11463,0
2331,4,0.891,,331.96738,-28.45338,0
2982,4,0.99,,345.23114,-35.36374,0
838,4,0.857,,33.6757,-34.5196,0
1792,4,0.884,,345.06168,-35.14138,0
1803,4,0.891,,162.36037,-0.06319,0
1804,4,0.858,,161.91127,-0.05107,0
2488,4,0.988,,4.95773,-33.2876,0
1113,4,0.989,,4.51075,-33.28275,0
3151,4,0.819,,48.34251,-35.27178,0
3277,4,0.804,,4.21649,-32.70916,0
2455,4,0.886,,158.14778,-1.57848,0
1552,4,0.948,,2.49208,-33.95079,0
1220,4,0.832,,46.67754,-33.45843,0
2595,4,0.902,,202.28516,1.47163,0
2176,4,0.814,,201.97383,1.88341,0
293,4,0.888,,53.54293,-32.53191,0
2840,4,0.893,,193.97546,0.78944,0
892,4,0.834,,224.5075,1.72469,0
902,4,0.819,,188.60625,0.64492,0
2000,4,0.817,,188.8426,0.85915,0
1323,4,0.858,,169.92159,-0.57126,0
2433,4,0.848,,2.63424,-29.7189,0
2292,4,0.889,,169.49115,-0.18253,0
2260,4,0.833,,203.49582,-0.96488,0
1845,4,0.814,,10.24122,-29.15998,0
1020,4,0.886,,21.021,-34.46076,0
1669,4,0.853,,203.15059,-0.26286,0
1141,4,0.932,,21.19901,-34.07325,0
3185,4,0.952,,228.50883,1.62841,0
727,4,0.911,,233.72823,-1.49419,0
2985,4,0.908,,156.04309,1.71885,0
372,4,0.897,,227.09163,2.16991,0
1381,4,0.952,,226.32474,2.82502,0
2760,4,0.962,,195.11801,2.66803,0
914,4,0.949,,158.67773,2.37012,0
564,4,0.981,,330.51074,-28.96863,0
3191,4,0.817,,330.78372,-28.82239,0
3324,4,0.906,,160.04077,2.65977,0
2050,4,0.838,,167.16872,-0.32446,0
1040,4,0.921,,3.40396,-32.24453,0
9,4,0.858,,3.30326,-32.11489,0
2481,4,0.883,,358.46677,-29.99171,0
820,4,0.882,,358.30676,-29.81647,0
399,4,0.849,,358.444,-29.64527,0
2077,4,0.883,,350.20062,-28.71934,0
260,4,0.916,,20.34769,-33.85981,0
2226,4,0.856,,49.677,-28.43731,0
1791,4,0.919,,52.86798,-29.16846,0
1879,4,0.882,,191.25174,2.52337,0
3439,4,0.979,,33.41111,-29.6716,0
2830,4,0.922,,231.90166,2.4653,0
2310,4,0.834,,48.11399,-29.34212,0
493,4,0.862,,234.66573,-1.13839,0
1444,4,0.959,,337.15988,-29.53403,0
1602,4,0.835,,15.59256,-33.86502,0
54,4,0.976,,357.36627,-30.54597,0
1941,4,0.978,,43.48492,-31.13892,0
1972,4,0.889,,232.77042,-1.54071,0
3000,4,0.832,,210.46552,-0.67217,0
121,4,0.838,,36.13271,-30.30452,0
1044,4,0.99,,227.25362,2.97531,0
3331,4,0.972,,13.84939,-29.49796,0
2482,4,0.819,,156.12895,-0.96059,0
506,4,0.838,,346.871,-35.46496,0
628,4,0.814,,346.31,-35.25885,0
1943,4,0.979,,29.44374,-32.43081,0
82,4,0.869,,13.67557,-29.21444,0
244,4,0.899,,155.5451,-0.51142,0
100,4,0.89,,156.48143,-0.44271,0
182,4,0.957,,167.69217,-1.92148,0
3348,4,0.869,,347.2306,-34.71275,0
1296,4,0.836,,228.06944,-1.35758,0
1740,4,0.815,,52.69502,-26.54031,0
98,4,0.819,,3.86517,-30.4868,0
2736,4,0.919,,3.75114,-29.79116,0
675,4,0.825,,30.65449,-33.66748,0
175,4,0.939,,31.28032,-31.62072,0
1748,4,0.811,,339.66403,-28.42246,0
2942,4,0.876,,339.46967,-27.73636,0
1355,4,0.812,,156.99261,-0.80679,0
1476,4,0.813,,156.62291,-0.64094,0
1650,4,0.923,,7.29972,-28.34521,0
1976,4,0.989,,157.09999,-0.19419,0
46,4,0.931,,30.42817,-30.67099,0
1716,4,0.85,,345.69254,-28.29853,0
3070,4,0.81,,198.6852,0.9464,0
393,4,0.822,,18.49069,-32.50571,0
579,4,0.889,,19.47148,-31.85513,0
3059,4,0.854,,52.86248,-28.30308,0
1764,4,0.871,,1.65871,-29.14461,0
759,4,0.811,,359.5918,-30.46647,0
1021,4,0.852,,20.70588,-32.281,0
2694,4,0.882,,0.31831,-30.17678,0
1003,4,0.902,,194.3024,-0.51482,0
1192,4,0.918,,335.8256,-29.28734,0
2945,4,0.93,,38.9862,-31.04239,0
1434,4,0.938,,38.0872,-30.69522,0
2185,4,0.804,,7.70192,-33.53665,0
1886,4,0.997,,236.95818,-1.26293,0
483,4,0.808,,237.39497,-1.11841,0
440,4,0.845,,166.96742,0.33707,0
2641,4,0.854,,166.56967,0.86506,0
2715,4,0.819,,164.9857,-1.32613,0
642,4,0.933,,17.08297,-29.65869,0
2106,4,0.952,,26.18374,-28.80131,0
1931,4,0.965,,192.5928,0.92681,0
3354,4,0.911,,165.95253,-0.86824,0
616,4,0.866,,166.35684,-0.6847,0
2431,4,0.883,,195.87169,-0.01539,0
106,4,0.803,,160.59378,1.40325,0
2508,4,0.917,,352.77557,-30.50594,0
749,4,0.851,,352.86502,-30.15374,0
1959,4,0.888,,346.07407,-28.29619,0
303,4,0.872,,346.60596,-28.32845,0
2578,4,0.832,,15.13269,-31.7139,0
3159,4,0.888,,31.4274,-33.16798,0
2629,4,0.818,,352.01205,-29.35234,0
40,4,0.966,,35.50041,-32.49528,0
2699,4,0.856,,35.83437,-31.83844,0
917,4,0.878,,199.58057,0.10507,0
1100,4,0.983,,24.83191,-30.70517,0
3298,4,0.87,,25.61895,-29.75402,0
3178,4,0.984,,1.76704,-30.84784,0
553,4,0.822,,13.94677,-31.65982,0
103,4,0.92,,1.88358,-30.77042,0
2763,4,0.845,,37.86821,-31.82994,0
1455,4,0.826,,357.6505,-34.11472,0
1336,4,0.903,,201.10674,0.62914,0
1603,4,0.826,,20.91379,-29.18104,0
2170,4,0.943,,19.95133,-29.13972,0
1070,4,0.811,,20.64059,-28.99001,0
1399,4,0.828,,20.48586,-28.8198,0
1417,4,0.845,,20.19917,-28.79107,0
494,4,0.804,,167.1677,2.39933,0
2559,4,0.996,,30.32743,-32.22442,0
2609,4,0.888,,335.10184,-29.56687,0
369,4,0.828,,335.07086,-29.32706,0
1485,4,0.931,,20.25145,-30.4231,0
3167,4,0.864,,192.48012,2.86251,0
1210,4,0.938,,167.14728,-1.06435,0
2583,4,0.811,,192.31955,-0.02646,0
778,4,0.83,,156.67694,1.91127,0
2604,4,0.919,,11.79501,-30.8903,0
1174,4,0.846,,202.1497,-2.81966,0
543,4,0.861,,7.63079,-29.29055,0
2368,4,0.878,,207.64767,0.32812,0
1337,4,0.812,,207.72705,1.05282,0
3398,4,0.88,,200.56227,-0.39382,0
3048,4,0.956,,6.53835,-31.00983,0
3015,4,0.826,,7.31473,-30.97453,0
1850,4,0.806,,14.35243,-31.18158,0
773,4,0.981,,204.80267,2.64429,0
1120,4,0.893,,354.6163,-28.38881,0
1454,4,0.828,,206.40237,-0.8689,0
1168,4,0.975,,206.40742,-0.14874,0
1489,4,0.954,,19.38473,-33.26644,0
911,4,0.839,,169.18137,-1.80819,0
3493,4,0.88,,169.19315,-1.3378,0
2082,4,0.985,,188.36504,1.64364,0
2015,4,0.838,,342.258,-29.69669,0
3208,4,0.875,,193.8496,2.26247,0
594,4,0.831,,193.47363,2.80282,0
661,4,0.853,,2.14835,-33.55402,0
85,4,0.807,,209.35594,2.17778,0
2623,4,0.848,,158.63158,-2.00823,0
1697,4,0.909,,209.81534,2.32041,0
3078,4,0.886,,19.89221,-30.61063,0
3011,4,0.823,,158.94324,-1.77724,0
973,4,0.912,,22.94459,-28.38517,0
1295,4,0.809,,166.07164,-0.00746,0
1569,4,0.948,,37.05995,-31.47246,0
2480,4,0.811,,41.87465,-30.52525,0
674,4,0.923,,41.60173,-30.45756,0
2479,4,0.808,,53.96148,-35.12222,0
2503,4,0.845,,347.1564,-29.22659,0
1812,4,0.887,,209.14917,2.89964,0
736,4,0.964,,168.13266,1.20333,0
852,4,0.889,,209.69551,1.22869,0
1393,4,0.96,,209.13892,2.93392,0
2265,4,0.936,,225.79907,-1.81771,0
1752,4,0.965,,158.63965,-1.43321,0
1955,4,0.858,,18.38407,-30.8492,0
2572,4,0.843,,346.93317,-29.1431,0
3377,4,0.813,,351.05734,-28.24952,0
148,4,0.854,,189.2917,1.43757,0
608,4,0.839,,347.08038,-29.09721,0
373,4,0.828,,214.67656,0.3966,0
1836,4,0.895,,209.8901,-1.92308,0
710,4,0.992,,159.25165,-0.62482,0
1309,4,0.976,,227.14966,-1.3609,0
984,4,0.821,,188.61935,1.62682,0
1981,4,0.963,,29.68738,-30.74181,0
3352,4,0.857,,209.55064,1.34019,0
879,4,0.83,,168.45767,1.73943,0
1083,4,0.93,,1.80467,-32.46204,0
433,4,0.896,,234.26355,2.16257,0
545,4,0.86,,15.54271,-29.97439,0
3173,4,0.859,,167.87697,1.89206,0
3307,4,0.819,,171.16574,1.4129,0
50,4,0.835,,351.29343,-30.9809,0
2523,4,0.946,,2.6481,-32.39087,0
2684,4,0.942,,34.72182,-33.18566,0
1297,4,0.821,,229.15204,-0.66748,0
2939,4,0.917,,234.39554,2.44267,0
2589,4,0.944,,236.36266,1.25219,0
664,4,0.94,,352.1499,-30.73424,0
1054,4,0.989,,351.48004,-30.74257,0
2109,4,0.866,,338.06906,-30.40629,0
1400,4,0.914,,210.06967,-1.67595,0
451,4,0.99,,164.01736,-1.15007,0
2994,4,0.885,,166.41286,0.96638,0
53,4,0.807,,192.3195,-0.02645,0
2243,4,0.837,,209.93942,-1.05232,0
2108,4,0.962,,209.87677,1.87254,0
2091,4,0.995,,1.98516,-32.03347,0
42,4,0.946,,2.13171,-31.93959,0
3158,4,0.828,,1.81623,-31.89345,0
3116,4,0.893,,2.50355,-31.85989,0
1707,4,0.898,,2.40901,-31.85332,0
1991,4,0.814,,236.23792,1.77089,0
1808,4,0.877,,236.26753,1.82286,0
3284,4,0.833,,233.20972,2.94502,0
2459,4,0.908,,34.6337,-32.76748,0
2568,4,0.854,,162.59485,-1.18209,0
187,4,0.857,,185.68086,2.58345,0
2311,4,0.946,,342.75473,-34.50247,0
43,4,0.934,,342.65906,-33.9749,0
3321,4,0.921,,232.3541,-0.67808,0
2836,4,0.921,,218.15031,2.56884,0
3243,4,0.908,,172.32123,-2.45279,0
544,4,0.874,,349.94354,-34.29052,0
1970,4,0.839,,158.41824,0.06628,0
638,4,0.836,,157.9481,0.16237,0
3278,4,0.89,,173.03203,-0.97207,0
851,4,0.822,,348.74863,-33.43873,0
481,4,0.887,,137.08908,1.26083,0
2290,4,0.992,,336.9726,-33.33389,0
246,4,0.905,,358.9802,-32.55257,0
825,4,0.931,,130.79007,-0.88791,0
1249,4,0.876,,212.1169,-2.55022,0
2921,4,0.811,,337.113,-33.19482,0
2287,4,0.872,,136.76682,1.37017,0
149,4,0.903,,349.75278,-32.87774,0
2616,4,0.972,,37.5853,-33.88477,0
2969,4,0.875,,330.75613,-31.34903,0
2530,4,0.864,,337.71176,-33.01029,0
3301,4,0.82,,340.59277,-30.03712,0
2405,4,0.841,,47.10719,-33.82788,0
3342,4,0.831,,181.42249,-2.19367,0
1529,4,0.961,,36.89959,-31.8455,0
1574,4,0.974,,34.93873,-33.80277,0
356,4,0.804,,220.71358,-2.42711,0
3106,4,0.915,,335.1973,-31.88846,0
618,4,0.909,,34.61855,-33.76362,0
1924,4,0.892,,215.56828,1.56082,0
1547,4,0.951,,40.23193,-31.13412,0
2253,4,0.959,,220.77951,1.97289,0
1899,4,0.888,,217.67545,0.81752,0
3141,4,0.916,,40.33563,-30.96918,0
1014,4,0.903,,221.1959,1.96041,0
2270,4,0.874,,150.52956,2.57102,0
791,4,0.829,,131.45369,-0.54312,0
3374,4,0.901,,237.7803,1.69161,0
1706,4,0.991,,181.0885,-0.57195,0
3358,4,0.822,,212.97005,2.80015,0
2371,4,0.937,,185.57744,-2.15168,0
3225,4,0.98,,172.56137,-0.26222,0
386,4,0.876,,175.22449,2.63963,0
1001,4,0.823,,227.80998,-0.16179,0
1408,4,0.843,,344.79504,-34.58577,0
1896,4,0.896,,344.08798,-34.03735,0
1234,4,0.959,,210.74718,2.44269,0
613,4,0.904,,216.2635,0.26191,0
2997,4,0.84,,51.68405,-32.19164,0
2953,4,0.94,,51.63358,-31.74979,0
1664,4,0.856,,35.17868,-33.07439,0
626,4,0.86,,47.2879,-32.14697,0
75,4,0.926,,336.42142,-31.80578,0
715,4,0.961,,334.52545,-32.81807,0
2209,4,0.896,,344.44485,-33.48737,0
435,4,0.838,,334.7994,-32.70029,0
3090,4,0.909,,50.38768,-32.5957,0
2446,4,0.952,,345.0264,-33.06443,0
1601,4,0.839,,134.80893,2.70237,0
2504,4,0.926,,45.67382,-33.57398,0
3077,4,0.918,,345.1495,-32.78199,0
3013,4,0.903,,156.28249,0.40308,0
388,4,0.893,,221.12553,-2.66892,0
3124,4,0.959,,138.01161,2.06466,0
391,4,0.803,,184.38145,-2.88815,0
3076,4,0.916,,45.70432,-33.27024,0
3378,4,0.81,,184.10762,-2.84039,0
452,4,0.87,,221.31097,-2.45251,0
3319,4,0.811,,156.31245,0.59204,0
2012,4,0.938,,211.52118,2.15778,0
1708,4,0.839,,220.38841,0.48179,0
2950,4,0.93,,214.46526,0.93632,0
3369,4,0.961,,233.28613,0.42964,0
1262,4,0.837,,133.80411,1.07405,0
930,4,0.867,,43.41713,-34.27396,0
2115,4,0.804,,43.40443,-33.98151,0
2806,4,0.844,,43.12862,-34.2256,0
2041,4,0.95,,355.92245,-32.62323,0
3164,4,0.951,,43.41788,-33.98844,0
3176,4,0.822,,137.91167,2.60706,0
3041,4,0.881,,51.6286,-33.88281,0
573,4,0.945,,137.07834,2.38994,0
2342,4,0.96,,354.14072,-33.94571,0
2149,4,0.824,,43.56343,-33.47508,0
61,4,0.868,,353.72827,-33.89654,0
631,4,0.927,,33.35748,-32.50747,0
2143,4,0.88,,3.46308,-33.645,0
752,4,0.968,,181.28586,1.28264,0
1116,4,0.968,,51.07482,-31.71865,0
2283,4,0.805,,141.38481,0.06905,0
3160,4,0.811,,349.34396,-32.19312,0
3287,4,0.911,,224.323,1.02253,0
1524,4,0.888,,216.66547,0.8499,0
1628,4,0.94,,353.56677,-33.14629,0
1412,4,0.817,,225.06012,-0.53987,0
2163,4,0.903,,215.08101,2.17134,0
1842,4,0.938,,39.86994,-34.18086,0
1527,4,0.818,,331.72443,-31.49998,0
2221,4,0.806,,137.10535,2.41841,0
1311,4,0.815,,331.63312,-31.35255,0
190,4,0.917,,219.56728,-1.05097,0
2621,4,0.935,,338.2522,-29.93909,0
1481,4,0.975,,352.866,-32.86762,0
74,4,0.853,,233.8925,-0.64282,0
3248,4,0.943,,176.5545,-2.17778,0
3140,4,0.94,,338.93164,-30.08009,0
2571,4,0.865,,141.46875,0.71238,0
1158,4,0.803,,137.46832,2.81481,0
2308,4,0.89,,349.04773,-31.81295,0
2365,4,0.952,,214.92287,-1.82512,0
563,4,0.817,,214.70021,-1.70514,0
1607,4,0.808,,133.64789,0.46448,0
2786,4,0.976,,48.07689,-32.68768,0
3487,4,0.901,,235.01982,0.5328,0
2798,4,0.909,,37.41934,-33.03183,0
3170,4,0.977,,223.65688,-2.37338,0
937,4,0.805,,44.29582,-31.09724,0
3091,4,0.918,,217.08359,-0.87218,0
3416,4,0.891,,217.08246,-0.67168,0
986,4,0.936,,216.80048,-0.4618,0
3482,4,0.905,,338.09164,-29.72233,0
3030,4,0.99,,354.97314,-31.97283,0
2596,4,0.838,,217.91565,1.23987,0
2644,4,0.901,,139.86987,-0.35594,0
3294,4,0.929,,130.02208,1.90541,0
1905,4,0.866,,215.57336,-1.70879,0
2603,4,0.826,,177.05278,0.55249,0
2461,4,0.828,,357.77292,-31.51805,0
723,4,0.86,,221.83167,-1.34871,0
379,4,0.947,,220.62363,-3.41154,0
1567,4,0.894,,137.16632,-1.96949,0
1819,4,0.876,,135.56917,2.36495,0
1767,4,0.824,,139.11212,-0.04138,0
3209,4,0.831,,206.97037,-0.50333,0
383,4,0.806,,213.84665,-0.03468,0
2333,4,0.967,,206.9851,-0.33666,0
2818,4,0.858,,174.80168,0.03706,0
3084,4,0.909,,140.5068,-1.27266,0
2906,4,0.906,,131.2854,1.36765,0
2005,4,0.971,,187.09683,-2.34616,0
2520,4,0.866,,129.74776,2.48322,0
2529,4,0.91,,179.20996,1.62051,0
1854,4,0.819,,130.765,1.91609,0
3242,4,0.822,,357.8325,-31.81317,0
3174,4,0.896,,219.2414,-0.82438,0
3312,4,0.917,,185.03133,1.14394,0
165,4,0.894,,161.79466,0.0258,0
1357,4,0.844,,185.47202,1.74911,0
63,4,0.887,,131.7998,0.90489,0
3184,4,0.956,,132.08258,0.91614,0
1162,4,0.817,,183.33772,-2.73016,0
2443,4,0.938,,183.98729,-2.01746,0
3008,4,0.83,,130.6132,2.12032,0
3063,4,0.958,,130.5939,2.46245,0
2456,4,0.903,,218.98695,1.81412,0
2560,4,0.924,,134.66179,-1.65638,0
1743,4,0.895,,135.38005,-1.29831,0
2184,4,0.881,,167.55434,0.21019,0
1088,4,0.958,,167.87674,0.86689,0
0,4,0.917,,52.60967,-34.29601,0
1618,4,0.937,,182.74348,1.59789,0
1608,4,0.835,,130.76736,0.49778,0
1841,4,0.934,,130.78285,0.70524,0
171,4,0.838,,214.01758,2.62049,0
1373,4,0.938,,341.87515,-32.54112,0
14,4,0.952,,338.0206,-34.62294,0
1510,4,0.956,,338.10892,-34.49286,0
347,4,0.806,,342.9436,-31.88904,0
1797,4,0.81,,342.95004,-31.68822,0
876,4,0.884,,353.6038,-31.74086,0
1154,4,0.827,,176.66692,-0.11009,0
2960,4,0.81,,176.69817,0.02717,0
3431,4,0.812,,48.41106,-32.64093,0
3189,4,0.897,,182.97241,-1.49217,0
2305,4,0.838,,183.26285,-1.34695,0
1060,4,0.881,,184.6443,0.3642,0
357,4,0.843,,134.4023,-1.83634,0
1594,4,0.93,,133.72586,-1.38399,0
970,4,0.926,,134.4621,-1.32389,0
3082,4,0.863,,138.8031,-1.37304,0
1786,4,0.871,,139.42384,-1.33286,0
161,4,0.978,,48.33407,-33.48052,0
198,4,0.839,,48.48526,-33.47062,0
1074,4,0.858,,48.98072,-33.12876,0
2198,4,0.893,,48.17728,-32.78599,0
318,4,0.824,,221.92004,1.53094,0
2551,4,0.826,,174.722,1.75657,0
721,4,0.87,,48.39792,-34.55004,0
3123,4,0.903,,237.74898,2.52019,0
2874,4,0.816,,48.03707,-33.77064,0
1582,4,0.93,,233.65265,0.86551,0
2072,4,0.859,,175.55986,0.73851,0
2617,4,0.871,,211.06718,1.1379,0
619,4,0.905,,220.45906,1.42159,0
2992,4,0.937,,130.12036,-1.9622,0
1072,4,0.884,,222.02289,2.09729,0
2732,4,0.831,,180.28998,-1.16549,0
610,4,0.894,,179.70218,-1.10413,0
1089,4,0.834,,343.7942,-32.10759,0
36,4,0.922,,129.29507,-0.99634,0
2042,4,0.959,,128.50116,-0.2277,0
620,4,0.841,,224.37334,-1.69433,0
408,4,0.829,,224.48788,-1.06411,0
1401,4,0.85,,171.7938,-1.63513,0
3004,4,0.86,,172.24196,-1.38449,0
2441,4,0.978,,51.00676,-31.394,0
1423,4,0.937,,219.2491,-1.06598,0
3022,4,0.954,,231.05275,0.6497,0
11,4,0.84,,214.28033,-1.10181,0
2759,4,0.859,,141.01164,-0.69777,0
2775,4,0.924,,180.45076,1.1349,0
2397,4,0.862,,179.90819,1.19835,0
2436,4,0.953,,179.70958,1.99461,0
964,4,0.821,,130.07007,0.17884,0
1823,4,0.827,,43.55201,-29.68566,0
1293,4,0.854,,136.0175,1.74654,0
3156,4,0.804,,175.45695,-0.95441,0
2958,4,0.943,,139.34386,1.02357,0
2653,4,0.913,,128.51607,1.99781,0
700,4,0.808,,183.60608,-1.23584,0
666,4,0.859,,215.25832,-2.73318,0
831,4,0.873,,0.64118,-32.49791,0
3447,4,0.891,,0.65762,-32.15828,0
354,4,0.817,,218.25647,-1.70378,0
3304,4,0.945,,130.54013,-1.58669,0
461,4,0.808,,218.45767,-1.07655,0
3020,4,0.859,,130.89981,-1.11752,0
2897,4,0.909,,139.30637,1.19776,0
1989,4,0.802,,342.1842,-34.56797,0
2535,4,0.821,,38.9646,-32.07633,0
375,4,0.953,,174.51164,1.35002,0
2708,4,0.985,,180.85538,-1.56182,0
1145,4,0.856,,180.87231,-1.50094,0
56,4,0.979,,345.53964,-30.15499,0
2753,4,0.996,,40.33643,-29.65602,0
3421,4,0.934,,345.2577,-31.66754,0
3464,4,0.943,,175.45578,-1.97136,0
729,4,0.911,,131.42297,2.4245,0
985,4,0.82,,212.77747,1.9696,0
47,4,0.898,,222.20966,0.70773,0
1689,4,0.82,,177.28355,-1.3395,0
3131,4,0.961,,238.19687,-0.50717,0
1284,4,0.85,,347.54523,-29.88856,0
2151,4,0.936,,177.75545,-2.10927,2
51,64,0.989,0.9,178.21776,0.79257,1
1642,58,0.999,,175.87355,-1.74164,1
2558,54,1.0,0.999,133.69397,-1.36032,1
1335,24,0.904,1.0,191.21255,1.11223,1
568,24,0.999,1.0,191.21394,1.11198,1
2890,22,0.939,,156.46391,-0.58812,1
2207,16,0.952,0.951,212.50432,1.49919,2
3169,16,0.989,0.981,217.50757,-1.84587,2
593,14,0.834,,185.20137,0.36279,2
2429,12,0.876,0.928,138.37955,0.65181,2
104,8,0.939,0.963,336.6181,-33.74481,2
1521,4,0.931,,132.11688,2.37434,2
2250,4,0.997,,176.70961,-1.43842,2
1938,42,0.903,0.992,129.35904,1.94427,2
2730,28,0.999,1.0,214.36708,1.99311,2
1800,4,,0.909,129.35904,1.94428,2
1852,4,0.824,0.961,214.63086,-0.01464,2
